id, coordinates..., calculationCount, type, class, |N_eps|, N_eps...
10, 1, 0, 4, -1, -1, 5, 10, 9, 3, 4, 8
9, 0.995893, 0.0905357, 4, -1, -1, 5, 9, 10, 3, 4, 8
3, 0.994183, 0.107703, 4, -1, -1, 5, 3, 9, 10, 4, 8
4, 0.991656, 0.128915, 4, -1, -1, 5, 4, 3, 9, 10, 8
8, 0.987971, 0.154639, 4, -1, -1, 5, 8, 4, 3, 9, 10
1, 0.834219, 0.551433, 2, -1, -1, 3, 1, 7, 0
7, 0.768221, 0.640184, 3, -1, -1, 4, 7, 1, 0, 2
0, 0.724138, 0.689655, 4, -1, -1, 5, 0, 7, 1, 2, 11
2, 0.624695, 0.780869, 3, -1, -1, 4, 2, 0, 7, 11
11, 0.5547, 0.83205, 3, -1, -1, 4, 11, 2, 0, 5
5, 0.344255, 0.938876, 1, -1, -1, 2, 5, 11
6, 0, 1, 0, -1, -1, 1, 6
