id, coordinates..., calculationCount, type, class, |N_eps|, N_eps...
142, 0.680695, 0.732567, 2, -1, -1, 1, 142
271, 0.665684, 0.746234, 2, -1, -1, 1, 271
88, 0.757188, 0.653197, 2, -1, -1, 1, 88
125, 0.808959, 0.587866, 1, -1, -1, 2, 125, 195
195, 0.810967, 0.585092, 1, -1, -1, 2, 195, 125
6, 0.830793, 0.556581, 0, -1, -1, 1, 6
77, 0.846856, 0.531822, 1, -1, -1, 2, 77, 247
247, 0.853791, 0.520616, 1, -1, -1, 2, 247, 77
415, 0.864844, 0.502041, 0, -1, -1, 1, 415
49, 0.877032, 0.480431, 1, -1, -1, 2, 49, 139
139, 0.882693, 0.46995, 5, -1, -1, 5, 139, 49, 260, 337, 32
260, 0.886925, 0.461914, 4, -1, -1, 5, 260, 139, 337, 32, 62
337, 0.8876, 0.460615, 4, -1, -1, 5, 337, 260, 139, 32, 62
32, 0.888709, 0.458472, 4, -1, -1, 5, 32, 337, 260, 139, 62
62, 0.890343, 0.455291, 8, -1, -1, 4, 62, 32, 337, 260
120, 0.896945, 0.442142, 6, -1, -1, 5, 120, 394, 15, 385, 188
394, 0.897259, 0.441504, 6, -1, -1, 5, 394, 120, 15, 385, 188
15, 0.897767, 0.440471, 6, -1, -1, 5, 15, 394, 120, 385, 188
385, 0.897923, 0.440153, 6, -1, -1, 6, 385, 15, 394, 120, 188, 144
188, 0.901756, 0.432245, 7, -1, -1, 8, 188, 385, 15, 394, 120, 144, 202, 27
144, 0.903985, 0.427565, 7, -1, -1, 5, 144, 188, 385, 202, 27
202, 0.906639, 0.421907, 3, -1, -1, 4, 202, 144, 188, 27
27, 0.906693, 0.421791, 3, -1, -1, 4, 27, 202, 144, 188
58, 0.913784, 0.406201, 1, -1, -1, 2, 58, 193
193, 0.917009, 0.398866, 2, -1, -1, 3, 193, 58, 293
293, 0.921776, 0.387722, 3, -1, -1, 4, 293, 193, 35, 96
35, 0.925505, 0.378735, 5, -1, -1, 5, 35, 293, 96, 220, 325
96, 0.925678, 0.378313, 5, -1, -1, 5, 96, 35, 293, 220, 325
220, 0.929744, 0.368206, 5, -1, -1, 6, 220, 96, 35, 325, 379, 323
325, 0.92989, 0.367837, 5, -1, -1, 6, 325, 220, 96, 35, 379, 323
379, 0.930939, 0.365174, 5, -1, -1, 4, 379, 325, 220, 323
323, 0.933432, 0.358756, 5, -1, -1, 6, 323, 379, 325, 220, 41, 420
41, 0.937031, 0.349247, 5, -1, -1, 6, 41, 323, 420, 368, 101, 102
420, 0.937955, 0.346758, 5, -1, -1, 6, 420, 41, 323, 368, 101, 102
368, 0.939028, 0.343839, 4, -1, -1, 5, 368, 420, 41, 101, 102
101, 0.940443, 0.339953, 5, -1, -1, 6, 101, 368, 420, 41, 102, 401
102, 0.94068, 0.339294, 5, -1, -1, 6, 102, 101, 368, 420, 41, 401
401, 0.944357, 0.328923, 3, -1, -1, 4, 401, 102, 101, 321
321, 0.946415, 0.322952, 3, -1, -1, 2, 321, 401
371, 0.950909, 0.30947, 8, -1, -1, 8, 371, 406, 257, 111, 315, 358, 320, 106
406, 0.951037, 0.309076, 8, -1, -1, 8, 406, 371, 257, 111, 315, 358, 320, 106
257, 0.9514, 0.307957, 7, -1, -1, 8, 257, 406, 371, 111, 315, 358, 320, 106
111, 0.951771, 0.30681, 7, -1, -1, 8, 111, 257, 406, 371, 315, 358, 320, 106
315, 0.953447, 0.301561, 7, -1, -1, 8, 315, 111, 257, 406, 371, 358, 320, 106
358, 0.953914, 0.300081, 8, -1, -1, 8, 358, 315, 111, 257, 406, 371, 320, 106
320, 0.954162, 0.299292, 8, -1, -1, 9, 320, 358, 315, 111, 257, 406, 371, 106, 269
106, 0.954257, 0.298989, 8, -1, -1, 9, 106, 320, 358, 315, 111, 257, 406, 371, 269
269, 0.95811, 0.286402, 6, -1, -1, 6, 269, 106, 320, 59, 306, 266
59, 0.958978, 0.283481, 3, -1, -1, 4, 59, 269, 306, 266
306, 0.959294, 0.282408, 3, -1, -1, 4, 306, 59, 269, 266
266, 0.96003, 0.279897, 3, -1, -1, 4, 266, 306, 59, 269
1, 0.965789, 0.259331, 1, -1, -1, 2, 1, 168
168, 0.966711, 0.255869, 4, -1, -1, 4, 168, 1, 329, 28
329, 0.969527, 0.244986, 5, -1, -1, 6, 329, 168, 28, 213, 198, 134
28, 0.969776, 0.243996, 5, -1, -1, 6, 28, 329, 168, 213, 198, 134
213, 0.970354, 0.241688, 11, -1, -1, 9, 213, 28, 329, 198, 134, 175, 66, 405, 194
198, 0.971252, 0.238054, 10, -1, -1, 11, 198, 213, 28, 329, 134, 175, 66, 405, 194, 308, 397
134, 0.971954, 0.235171, 10, -1, -1, 11, 134, 198, 213, 28, 329, 175, 66, 405, 194, 308, 397
175, 0.973434, 0.228969, 10, -1, -1, 11, 175, 134, 198, 213, 66, 405, 194, 308, 397, 71, 4
66, 0.973435, 0.228962, 10, -1, -1, 11, 66, 175, 134, 198, 213, 405, 194, 308, 397, 71, 4
405, 0.973528, 0.228569, 10, -1, -1, 11, 405, 66, 175, 134, 198, 213, 194, 308, 397, 71, 4
194, 0.973595, 0.228281, 10, -1, -1, 11, 194, 405, 66, 175, 134, 198, 213, 308, 397, 71, 4
308, 0.973689, 0.227883, 11, -1, -1, 10, 308, 194, 405, 66, 175, 134, 198, 397, 71, 4
397, 0.973745, 0.22764, 11, -1, -1, 10, 397, 308, 194, 405, 66, 175, 134, 198, 71, 4
71, 0.975539, 0.219825, 9, -1, -1, 10, 71, 397, 308, 194, 405, 66, 175, 4, 233, 157
4, 0.976022, 0.217673, 10, -1, -1, 11, 4, 71, 397, 308, 194, 405, 66, 175, 233, 157, 155
233, 0.976911, 0.213648, 9, -1, -1, 8, 233, 4, 71, 157, 155, 416, 122, 65
157, 0.978193, 0.207697, 8, -1, -1, 9, 157, 233, 4, 71, 155, 416, 122, 65, 241
155, 0.978836, 0.204648, 7, -1, -1, 8, 155, 157, 233, 4, 416, 122, 65, 241
416, 0.979263, 0.202593, 6, -1, -1, 7, 416, 155, 157, 233, 122, 65, 241
122, 0.979528, 0.201308, 6, -1, -1, 7, 122, 416, 155, 157, 233, 65, 241
65, 0.979673, 0.200603, 6, -1, -1, 7, 65, 122, 416, 155, 157, 233, 241
241, 0.980138, 0.198319, 5, -1, -1, 6, 241, 65, 122, 416, 155, 157
351, 0.983731, 0.179646, 3, -1, -1, 4, 351, 264, 24, 270
264, 0.985332, 0.170648, 5, -1, -1, 6, 264, 351, 24, 270, 34, 204
24, 0.985905, 0.167306, 5, -1, -1, 6, 24, 264, 351, 270, 34, 204
270, 0.986013, 0.166668, 6, -1, -1, 7, 270, 24, 264, 351, 34, 204, 30
34, 0.986546, 0.163482, 5, -1, -1, 6, 34, 270, 24, 264, 204, 30
204, 0.987209, 0.159432, 5, -1, -1, 6, 204, 34, 270, 24, 264, 30
30, 0.988259, 0.152785, 6, -1, -1, 7, 30, 204, 34, 270, 132, 53, 54
132, 0.989893, 0.141819, 9, -1, -1, 10, 132, 30, 53, 54, 146, 158, 228, 283, 407, 413
53, 0.990023, 0.140909, 9, -1, -1, 10, 53, 132, 30, 54, 146, 158, 228, 283, 407, 413
54, 0.990159, 0.139946, 9, -1, -1, 10, 54, 53, 132, 30, 146, 158, 228, 283, 407, 413
146, 0.990964, 0.134126, 10, -1, -1, 11, 146, 54, 53, 132, 158, 228, 283, 407, 413, 140, 17
158, 0.990976, 0.134041, 10, -1, -1, 11, 158, 146, 54, 53, 132, 228, 283, 407, 413, 140, 17
228, 0.991373, 0.131069, 12, -1, -1, 13, 228, 158, 146, 54, 53, 132, 283, 407, 413, 140, 17, 82, 68
283, 0.991537, 0.129827, 13, -1, -1, 14, 283, 228, 158, 146, 54, 53, 132, 407, 413, 140, 17, 82, 68, 208
407, 0.991701, 0.128565, 13, -1, -1, 14, 407, 283, 228, 158, 146, 54, 53, 132, 413, 140, 17, 82, 68, 208
413, 0.991766, 0.128063, 14, -1, -1, 15, 413, 407, 283, 228, 158, 146, 54, 53, 132, 140, 17, 82, 68, 208, 164
140, 0.992151, 0.125043, 11, -1, -1, 12, 140, 413, 407, 283, 228, 158, 146, 17, 82, 68, 208, 164
17, 0.992497, 0.122272, 13, -1, -1, 14, 17, 140, 413, 407, 283, 228, 158, 146, 82, 68, 208, 164, 98, 240
82, 0.992837, 0.119473, 11, -1, -1, 12, 82, 17, 140, 413, 407, 283, 228, 68, 208, 164, 98, 240
68, 0.993069, 0.117529, 11, -1, -1, 12, 68, 82, 17, 140, 413, 407, 283, 228, 208, 164, 98, 240
208, 0.993156, 0.116793, 11, -1, -1, 12, 208, 68, 82, 17, 140, 413, 407, 283, 164, 98, 240, 341
164, 0.993452, 0.114247, 12, -1, -1, 13, 164, 208, 68, 82, 17, 140, 413, 98, 240, 341, 307, 414, 278
98, 0.993972, 0.10963, 13, -1, -1, 14, 98, 164, 208, 68, 82, 17, 240, 341, 307, 414, 278, 369, 402, 229
240, 0.993997, 0.109406, 13, -1, -1, 14, 240, 98, 164, 208, 68, 82, 17, 341, 307, 414, 278, 369, 402, 229
341, 0.994684, 0.102976, 12, -1, -1, 13, 341, 240, 98, 164, 208, 307, 414, 278, 369, 402, 229, 153, 56
307, 0.994733, 0.102502, 11, -1, -1, 12, 307, 341, 240, 98, 164, 414, 278, 369, 402, 229, 153, 56
414, 0.994861, 0.101248, 11, -1, -1, 12, 414, 307, 341, 240, 98, 164, 278, 369, 402, 229, 153, 56
278, 0.994865, 0.10121, 11, -1, -1, 12, 278, 414, 307, 341, 240, 98, 164, 369, 402, 229, 153, 56
369, 0.995003, 0.0998407, 10, -1, -1, 11, 369, 278, 414, 307, 341, 240, 98, 402, 229, 153, 56
402, 0.995124, 0.0986308, 11, -1, -1, 12, 402, 369, 278, 414, 307, 341, 240, 98, 229, 153, 56, 10
229, 0.995224, 0.0976131, 11, -1, -1, 12, 229, 402, 369, 278, 414, 307, 341, 240, 98, 153, 56, 10
153, 0.995743, 0.0921772, 12, -1, -1, 13, 153, 229, 402, 369, 278, 414, 307, 341, 56, 10, 14, 327, 123
56, 0.995884, 0.0906372, 12, -1, -1, 13, 56, 153, 229, 402, 369, 278, 414, 307, 341, 10, 14, 327, 123
10, 0.996389, 0.0849043, 9, -1, -1, 10, 10, 56, 153, 229, 402, 14, 327, 123, 38, 372
14, 0.996794, 0.0800124, 8, -1, -1, 9, 14, 10, 56, 153, 327, 123, 38, 372, 176
327, 0.996884, 0.0788752, 9, -1, -1, 10, 327, 14, 10, 56, 153, 123, 38, 372, 176, 265
123, 0.996927, 0.078332, 9, -1, -1, 10, 123, 327, 14, 10, 56, 153, 38, 372, 176, 265
38, 0.997283, 0.0736617, 9, -1, -1, 10, 38, 123, 327, 14, 10, 372, 176, 265, 154, 200
372, 0.99734, 0.0728851, 10, -1, -1, 11, 372, 38, 123, 327, 14, 10, 176, 265, 154, 200, 103
176, 0.997572, 0.0696465, 11, -1, -1, 12, 176, 372, 38, 123, 327, 14, 265, 154, 200, 103, 141, 219
265, 0.997838, 0.06572, 12, -1, -1, 13, 265, 176, 372, 38, 123, 327, 154, 200, 103, 141, 219, 2, 36
154, 0.998133, 0.0610775, 13, -1, -1, 14, 154, 265, 176, 372, 38, 200, 103, 141, 219, 2, 36, 127, 167, 279
200, 0.998135, 0.0610416, 13, -1, -1, 14, 200, 154, 265, 176, 372, 38, 103, 141, 219, 2, 36, 127, 167, 279
103, 0.998254, 0.059073, 12, -1, -1, 13, 103, 200, 154, 265, 176, 372, 141, 219, 2, 36, 127, 167, 279
141, 0.998392, 0.0566861, 13, -1, -1, 14, 141, 103, 200, 154, 265, 176, 219, 2, 36, 127, 167, 279, 353, 378
219, 0.998427, 0.0560675, 13, -1, -1, 14, 219, 141, 103, 200, 154, 265, 176, 2, 36, 127, 167, 279, 353, 378
2, 0.998608, 0.052736, 15, -1, -1, 15, 2, 219, 141, 103, 200, 154, 265, 36, 127, 167, 279, 353, 378, 373, 237
36, 0.998638, 0.0521699, 15, -1, -1, 15, 36, 2, 219, 141, 103, 200, 154, 265, 127, 167, 279, 353, 378, 373, 237
127, 0.998703, 0.0509098, 14, -1, -1, 14, 127, 36, 2, 219, 141, 103, 200, 154, 167, 279, 353, 378, 373, 237
167, 0.998851, 0.0479253, 15, -1, -1, 15, 167, 127, 36, 2, 219, 141, 103, 200, 154, 279, 353, 378, 373, 237, 259
279, 0.998889, 0.0471332, 15, -1, -1, 15, 279, 167, 127, 36, 2, 219, 141, 103, 200, 154, 353, 378, 373, 237, 259
353, 0.999044, 0.0437048, 12, -1, -1, 12, 353, 279, 167, 127, 36, 2, 219, 141, 378, 373, 237, 259
378, 0.999055, 0.0434594, 12, -1, -1, 12, 378, 353, 279, 167, 127, 36, 2, 219, 141, 373, 237, 259
828, 0.0420006, 0.999118, 12, -1, -1, 1, 828
373, 0.999189, 0.0402652, 12, -1, -1, 12, 373, 378, 353, 279, 167, 127, 36, 2, 237, 259, 97, 363
237, 0.999229, 0.0392641, 14, -1, -1, 14, 237, 373, 378, 353, 279, 167, 127, 36, 2, 259, 97, 363, 150, 183
259, 0.999393, 0.0348423, 14, -1, -1, 14, 259, 237, 373, 378, 353, 279, 167, 97, 363, 150, 183, 21, 222, 104
97, 0.999576, 0.0291153, 14, -1, -1, 14, 97, 259, 237, 373, 363, 150, 183, 21, 222, 104, 303, 295, 18, 181
363, 0.999609, 0.0279765, 15, -1, -1, 15, 363, 97, 259, 237, 373, 150, 183, 21, 222, 104, 303, 295, 18, 181, 380
150, 0.999664, 0.025922, 13, -1, -1, 14, 150, 363, 97, 259, 237, 183, 21, 222, 104, 303, 295, 18, 181, 380
183, 0.999678, 0.0253825, 13, -1, -1, 14, 183, 150, 363, 97, 259, 237, 21, 222, 104, 303, 295, 18, 181, 380
21, 0.999695, 0.0247155, 13, -1, -1, 14, 21, 183, 150, 363, 97, 259, 222, 104, 303, 295, 18, 181, 380, 46
222, 0.999734, 0.0230541, 13, -1, -1, 14, 222, 21, 183, 150, 363, 97, 259, 104, 303, 295, 18, 181, 380, 46
104, 0.99977, 0.0214297, 15, -1, -1, 16, 104, 222, 21, 183, 150, 363, 97, 259, 303, 295, 18, 181, 380, 46, 39, 108
303, 0.9998, 0.019984, 14, -1, -1, 15, 303, 104, 222, 21, 183, 150, 363, 97, 295, 18, 181, 380, 46, 39, 108
295, 0.999802, 0.0199016, 14, -1, -1, 15, 295, 303, 104, 222, 21, 183, 150, 363, 97, 18, 181, 380, 46, 39, 108
18, 0.999822, 0.0188883, 14, -1, -1, 15, 18, 295, 303, 104, 222, 21, 183, 150, 363, 97, 181, 380, 46, 39, 108
181, 0.999871, 0.016038, 15, -1, -1, 16, 181, 18, 295, 303, 104, 222, 21, 183, 150, 363, 97, 380, 46, 39, 108, 298
380, 0.999901, 0.0140677, 15, -1, -1, 16, 380, 181, 18, 295, 303, 104, 222, 21, 183, 150, 363, 46, 39, 108, 298, 37
46, 0.99994, 0.0109278, 13, -1, -1, 14, 46, 380, 181, 18, 295, 303, 104, 222, 21, 39, 108, 298, 37, 143
39, 0.999961, 0.00886464, 11, -1, -1, 12, 39, 46, 380, 181, 18, 295, 303, 104, 108, 298, 37, 143
108, 0.999962, 0.00874129, 11, -1, -1, 12, 108, 39, 46, 380, 181, 18, 295, 303, 104, 298, 37, 143
298, 0.999998, 0.00191987, 9, -1, -1, 10, 298, 108, 39, 46, 380, 181, 37, 143, 29, 338
37, 1, 0.000167905, 8, -1, -1, 9, 37, 298, 108, 39, 46, 380, 143, 29, 338
143, 1, -0.000368591, 7, -1, -1, 8, 143, 37, 298, 108, 39, 46, 29, 338
29, 0.999984, -0.00558334, 6, -1, -1, 7, 29, 143, 37, 298, 338, 330, 354
338, 0.999944, -0.0106209, 7, -1, -1, 8, 338, 29, 143, 37, 298, 330, 354, 185
330, 0.999875, -0.0158406, 4, -1, -1, 5, 330, 338, 29, 354, 185
354, 0.999851, -0.0172336, 6, -1, -1, 7, 354, 330, 338, 29, 185, 135, 64
185, 0.999729, -0.0233005, 9, -1, -1, 10, 185, 354, 330, 338, 135, 64, 300, 161, 317, 389
135, 0.999542, -0.0302546, 11, -1, -1, 12, 135, 185, 354, 64, 300, 161, 317, 389, 121, 386, 381, 218
64, 0.999521, -0.0309575, 11, -1, -1, 12, 64, 135, 185, 354, 300, 161, 317, 389, 121, 386, 381, 218
300, 0.999489, -0.0319621, 10, -1, -1, 11, 300, 64, 135, 185, 161, 317, 389, 121, 386, 381, 218
161, 0.999478, -0.0322933, 11, -1, -1, 12, 161, 300, 64, 135, 185, 317, 389, 121, 386, 381, 218, 387
317, 0.999444, -0.0333336, 13, -1, -1, 14, 317, 161, 300, 64, 135, 185, 389, 121, 386, 381, 218, 387, 345, 248
389, 0.999426, -0.0338735, 13, -1, -1, 14, 389, 317, 161, 300, 64, 135, 185, 121, 386, 381, 218, 387, 345, 248
121, 0.999297, -0.0374845, 15, -1, -1, 16, 121, 389, 317, 161, 300, 64, 135, 386, 381, 218, 387, 345, 248, 25, 184, 263
386, 0.999286, -0.0377808, 15, -1, -1, 16, 386, 121, 389, 317, 161, 300, 64, 135, 381, 218, 387, 345, 248, 25, 184, 263
381, 0.99905, -0.0435736, 17, -1, -1, 18, 381, 386, 121, 389, 317, 161, 300, 64, 135, 218, 387, 345, 248, 25, 184, 263, 305, 91
218, 0.999025, -0.0441565, 17, -1, -1, 18, 218, 381, 386, 121, 389, 317, 161, 300, 64, 135, 387, 345, 248, 25, 184, 263, 305, 91
387, 0.998928, -0.0463005, 16, -1, -1, 17, 387, 218, 381, 386, 121, 389, 317, 161, 345, 248, 25, 184, 263, 305, 91, 201, 52
345, 0.998916, -0.0465555, 15, -1, -1, 16, 345, 387, 218, 381, 386, 121, 389, 317, 248, 25, 184, 263, 305, 91, 201, 52
248, 0.998911, -0.0466492, 15, -1, -1, 16, 248, 345, 387, 218, 381, 386, 121, 389, 317, 25, 184, 263, 305, 91, 201, 52
25, 0.998845, -0.04804, 13, -1, -1, 14, 25, 248, 345, 387, 218, 381, 386, 121, 184, 263, 305, 91, 201, 52
184, 0.998756, -0.0498622, 15, -1, -1, 16, 184, 25, 248, 345, 387, 218, 381, 386, 121, 263, 305, 91, 201, 52, 227, 117
263, 0.998747, -0.0500461, 15, -1, -1, 16, 263, 184, 25, 248, 345, 387, 218, 381, 386, 121, 305, 91, 201, 52, 227, 117
305, 0.998447, -0.0557044, 17, -1, -1, 18, 305, 263, 184, 25, 248, 345, 387, 218, 381, 91, 201, 52, 227, 117, 335, 238, 147, 349
91, 0.998438, -0.0558752, 18, -1, -1, 19, 91, 305, 263, 184, 25, 248, 345, 387, 218, 381, 201, 52, 227, 117, 335, 238, 147, 349, 116
201, 0.99825, -0.0591295, 18, -1, -1, 19, 201, 91, 305, 263, 184, 25, 248, 345, 387, 52, 227, 117, 335, 238, 147, 349, 116, 388, 72
52, 0.998174, -0.0604098, 18, -1, -1, 19, 52, 201, 91, 305, 263, 184, 25, 248, 345, 387, 227, 117, 335, 238, 147, 349, 116, 388, 72
227, 0.998065, -0.0621836, 14, -1, -1, 15, 227, 52, 201, 91, 305, 263, 184, 117, 335, 238, 147, 349, 116, 388, 72
117, 0.997956, -0.063907, 14, -1, -1, 15, 117, 227, 52, 201, 91, 305, 263, 184, 335, 238, 147, 349, 116, 388, 72
335, 0.997917, -0.0645151, 12, -1, -1, 13, 335, 117, 227, 52, 201, 91, 305, 238, 147, 349, 116, 388, 72
238, 0.997844, -0.0656302, 13, -1, -1, 14, 238, 335, 117, 227, 52, 201, 91, 305, 147, 349, 116, 388, 72, 13
147, 0.997634, -0.0687438, 18, -1, -1, 19, 147, 238, 335, 117, 227, 52, 201, 91, 305, 349, 116, 388, 72, 13, 419, 180, 239, 84, 215
349, 0.997617, -0.0689997, 18, -1, -1, 19, 349, 147, 238, 335, 117, 227, 52, 201, 91, 305, 116, 388, 72, 13, 419, 180, 239, 84, 215
116, 0.997551, -0.0699368, 19, -1, -1, 19, 116, 349, 147, 238, 335, 117, 227, 52, 201, 91, 388, 72, 13, 419, 180, 239, 84, 215, 284
388, 0.997524, -0.0703212, 19, -1, -1, 20, 388, 116, 349, 147, 238, 335, 117, 227, 52, 201, 72, 13, 419, 180, 239, 84, 215, 284, 100, 99
72, 0.9974, -0.0720602, 19, -1, -1, 20, 72, 388, 116, 349, 147, 238, 335, 117, 227, 52, 201, 13, 419, 180, 239, 84, 215, 284, 100, 99
13, 0.996838, -0.0794578, 20, -1, -1, 21, 13, 72, 388, 116, 349, 147, 238, 419, 180, 239, 84, 215, 284, 100, 99, 16, 275, 311, 113, 211, 207
419, 0.996781, -0.0801758, 20, -1, -1, 20, 419, 13, 72, 388, 116, 349, 147, 180, 239, 84, 215, 284, 100, 99, 16, 275, 311, 113, 211, 207
180, 0.996775, -0.080245, 20, -1, -1, 21, 180, 419, 13, 72, 388, 116, 349, 147, 239, 84, 215, 284, 100, 99, 16, 275, 311, 113, 211, 207, 95
239, 0.99675, -0.0805526, 20, -1, -1, 21, 239, 180, 419, 13, 72, 388, 116, 349, 147, 84, 215, 284, 100, 99, 16, 275, 311, 113, 211, 207, 95
84, 0.996731, -0.0807903, 20, -1, -1, 21, 84, 239, 180, 419, 13, 72, 388, 116, 349, 147, 215, 284, 100, 99, 16, 275, 311, 113, 211, 207, 95
215, 0.996685, -0.0813558, 20, -1, -1, 21, 215, 84, 239, 180, 419, 13, 72, 388, 116, 349, 147, 284, 100, 99, 16, 275, 311, 113, 211, 207, 95
284, 0.99648, -0.0838309, 21, -1, -1, 21, 284, 215, 84, 239, 180, 419, 13, 72, 388, 116, 100, 99, 16, 275, 311, 113, 211, 207, 95, 205, 411
100, 0.996462, -0.0840452, 21, -1, -1, 21, 100, 284, 215, 84, 239, 180, 419, 13, 72, 388, 99, 16, 275, 311, 113, 211, 207, 95, 205, 411, 267
99, 0.996431, -0.0844116, 20, -1, -1, 21, 99, 100, 284, 215, 84, 239, 180, 419, 13, 72, 388, 16, 275, 311, 113, 211, 207, 95, 205, 411, 267
16, 0.996274, -0.0862463, 18, -1, -1, 19, 16, 99, 100, 284, 215, 84, 239, 180, 419, 13, 275, 311, 113, 211, 207, 95, 205, 411, 267
275, 0.996251, -0.0865099, 18, -1, -1, 19, 275, 16, 99, 100, 284, 215, 84, 239, 180, 419, 13, 311, 113, 211, 207, 95, 205, 411, 267
311, 0.996131, -0.0878797, 18, -1, -1, 19, 311, 275, 16, 99, 100, 284, 215, 84, 239, 180, 419, 13, 113, 211, 207, 95, 205, 411, 267
113, 0.995859, -0.0909144, 19, -1, -1, 20, 113, 311, 275, 16, 99, 100, 284, 215, 84, 239, 180, 419, 13, 211, 207, 95, 205, 411, 267, 89
211, 0.995794, -0.0916158, 19, -1, -1, 20, 211, 113, 311, 275, 16, 99, 100, 284, 215, 84, 239, 180, 419, 13, 207, 95, 205, 411, 267, 89
207, 0.995651, -0.0931607, 20, -1, -1, 21, 207, 211, 113, 311, 275, 16, 99, 100, 284, 215, 84, 239, 180, 419, 13, 95, 205, 411, 267, 89, 130
95, 0.995546, -0.0942765, 20, -1, -1, 20, 95, 207, 211, 113, 311, 275, 16, 99, 100, 284, 215, 84, 239, 180, 205, 411, 267, 89, 130, 336
205, 0.995409, -0.0957179, 16, -1, -1, 17, 205, 95, 207, 211, 113, 311, 275, 16, 99, 100, 284, 411, 267, 89, 130, 336, 12
411, 0.995299, -0.0968484, 17, -1, -1, 18, 411, 205, 95, 207, 211, 113, 311, 275, 16, 99, 100, 284, 267, 89, 130, 336, 12, 197
267, 0.995195, -0.0979167, 18, -1, -1, 18, 267, 411, 205, 95, 207, 211, 113, 311, 275, 16, 99, 100, 89, 130, 336, 12, 197, 11
89, 0.994485, -0.104875, 15, -1, -1, 16, 89, 267, 411, 205, 95, 207, 211, 113, 130, 336, 12, 197, 11, 230, 256, 310
130, 0.994368, -0.105981, 14, -1, -1, 15, 130, 89, 267, 411, 205, 95, 207, 336, 12, 197, 11, 230, 256, 310, 393
336, 0.994138, -0.10812, 13, -1, -1, 14, 336, 130, 89, 267, 411, 205, 95, 12, 197, 11, 230, 256, 310, 393
12, 0.994043, -0.108989, 12, -1, -1, 13, 12, 336, 130, 89, 267, 411, 205, 197, 11, 230, 256, 310, 393
197, 0.993902, -0.110269, 13, -1, -1, 14, 197, 12, 336, 130, 89, 267, 411, 11, 230, 256, 310, 393, 57, 206
11, 0.993741, -0.111708, 12, -1, -1, 13, 11, 197, 12, 336, 130, 89, 267, 230, 256, 310, 393, 57, 206
230, 0.99344, -0.114358, 12, -1, -1, 13, 230, 11, 197, 12, 336, 130, 89, 256, 310, 393, 57, 206, 42
256, 0.992973, -0.118342, 15, -1, -1, 15, 256, 230, 11, 197, 12, 336, 130, 89, 310, 393, 57, 206, 42, 163, 129
310, 0.992953, -0.118507, 15, -1, -1, 15, 310, 256, 230, 11, 197, 12, 336, 130, 89, 393, 57, 206, 42, 163, 129
393, 0.992782, -0.119934, 14, -1, -1, 14, 393, 310, 256, 230, 11, 197, 12, 336, 130, 57, 206, 42, 163, 129
57, 0.992257, -0.124201, 14, -1, -1, 13, 57, 393, 310, 256, 230, 11, 197, 206, 42, 163, 129, 90, 162
206, 0.99225, -0.124255, 14, -1, -1, 13, 206, 57, 393, 310, 256, 230, 11, 197, 42, 163, 129, 90, 162
42, 0.991985, -0.126353, 13, -1, -1, 13, 42, 206, 57, 393, 310, 256, 230, 163, 129, 90, 162, 75, 409
163, 0.991342, -0.131304, 16, -1, -1, 15, 163, 42, 206, 57, 393, 310, 256, 129, 90, 162, 75, 409, 316, 375, 382
129, 0.991316, -0.131504, 16, -1, -1, 15, 129, 163, 42, 206, 57, 393, 310, 256, 90, 162, 75, 409, 316, 375, 382
845, -0.13148, 0.991319, 17, -1, -1, 2, 845, 818
90, 0.990677, -0.136229, 15, -1, -1, 14, 90, 129, 163, 42, 206, 57, 162, 75, 409, 316, 375, 382, 40, 273
162, 0.990483, -0.137636, 15, -1, -1, 14, 162, 90, 129, 163, 42, 206, 57, 75, 409, 316, 375, 382, 40, 273
75, 0.990387, -0.138321, 16, -1, -1, 13, 75, 162, 90, 129, 163, 42, 409, 316, 375, 382, 40, 273, 187
409, 0.990256, -0.139256, 15, -1, -1, 14, 409, 75, 162, 90, 129, 163, 42, 316, 375, 382, 40, 273, 187, 404
316, 0.990068, -0.140592, 15, -1, -1, 14, 316, 409, 75, 162, 90, 129, 163, 375, 382, 40, 273, 187, 404, 159
375, 0.989985, -0.141169, 15, -1, -1, 14, 375, 316, 409, 75, 162, 90, 129, 163, 382, 40, 273, 187, 404, 159
818, -0.14242, 0.989806, 16, -1, -1, 2, 818, 845
382, 0.989418, -0.145094, 18, -1, -1, 17, 382, 375, 316, 409, 75, 162, 90, 129, 163, 40, 273, 187, 404, 159, 169, 395, 126
40, 0.989243, -0.146284, 16, -1, -1, 15, 40, 382, 375, 316, 409, 75, 162, 90, 273, 187, 404, 159, 169, 395, 126
273, 0.989164, -0.146815, 16, -1, -1, 16, 273, 40, 382, 375, 316, 409, 75, 162, 90, 187, 404, 159, 169, 395, 126, 124
187, 0.988384, -0.151979, 15, -1, -1, 15, 187, 273, 40, 382, 375, 316, 409, 75, 404, 159, 169, 395, 126, 124, 112
404, 0.988301, -0.152514, 14, -1, -1, 14, 404, 187, 273, 40, 382, 375, 316, 409, 159, 169, 395, 126, 124, 112
159, 0.988062, -0.154054, 14, -1, -1, 14, 159, 404, 187, 273, 40, 382, 375, 316, 169, 395, 126, 124, 112, 172
169, 0.987682, -0.156476, 13, -1, -1, 13, 169, 159, 404, 187, 273, 40, 382, 395, 126, 124, 112, 172, 114
395, 0.987527, -0.15745, 12, -1, -1, 13, 395, 169, 159, 404, 187, 273, 40, 382, 126, 124, 112, 172, 114
126, 0.987365, -0.158465, 14, -1, -1, 14, 126, 395, 169, 159, 404, 187, 273, 40, 382, 124, 112, 172, 114, 391
124, 0.987013, -0.16064, 12, -1, -1, 13, 124, 126, 395, 169, 159, 404, 187, 273, 112, 172, 114, 391, 173
112, 0.986307, -0.164917, 13, -1, -1, 13, 112, 124, 126, 395, 169, 159, 404, 187, 172, 114, 391, 173, 331
172, 0.985946, -0.167064, 14, -1, -1, 14, 172, 112, 124, 126, 395, 169, 159, 114, 391, 173, 331, 8, 304, 224
114, 0.985667, -0.168703, 13, -1, -1, 13, 114, 172, 112, 124, 126, 395, 169, 391, 173, 331, 8, 304, 224
391, 0.985061, -0.172206, 13, -1, -1, 13, 391, 114, 172, 112, 124, 126, 173, 331, 8, 304, 224, 417, 70
173, 0.985002, -0.172542, 13, -1, -1, 12, 173, 391, 114, 172, 112, 124, 331, 8, 304, 224, 417, 70
331, 0.984211, -0.177001, 13, -1, -1, 12, 331, 173, 391, 114, 172, 112, 8, 304, 224, 417, 70, 92
8, 0.983855, -0.178967, 14, -1, -1, 13, 8, 331, 173, 391, 114, 172, 304, 224, 417, 70, 92, 76, 242
859, -0.179362, 0.983783, 15, -1, -1, 1, 859
304, 0.983621, -0.180249, 15, -1, -1, 15, 304, 8, 331, 173, 391, 114, 172, 224, 417, 70, 92, 76, 242, 79, 314
224, 0.983518, -0.180812, 15, -1, -1, 15, 224, 304, 8, 331, 173, 391, 114, 172, 417, 70, 92, 76, 242, 79, 314
417, 0.983, -0.183608, 14, -1, -1, 14, 417, 224, 304, 8, 331, 173, 391, 70, 92, 76, 242, 79, 314, 69
70, 0.982799, -0.184677, 14, -1, -1, 14, 70, 417, 224, 304, 8, 331, 173, 391, 92, 76, 242, 79, 314, 69
92, 0.981849, -0.189666, 15, -1, -1, 15, 92, 70, 417, 224, 304, 8, 331, 76, 242, 79, 314, 69, 74, 328, 292
76, 0.981599, -0.190955, 15, -1, -1, 14, 76, 92, 70, 417, 224, 304, 8, 242, 79, 314, 69, 74, 328, 292
242, 0.981441, -0.191765, 16, -1, -1, 14, 242, 76, 92, 70, 417, 224, 304, 8, 79, 314, 69, 74, 328, 292
79, 0.981125, -0.193374, 16, -1, -1, 16, 79, 242, 76, 92, 70, 417, 224, 304, 314, 69, 74, 328, 292, 145, 376, 344
314, 0.981109, -0.193457, 16, -1, -1, 16, 314, 79, 242, 76, 92, 70, 417, 224, 304, 69, 74, 328, 292, 145, 376, 344
69, 0.980451, -0.196763, 16, -1, -1, 17, 69, 314, 79, 242, 76, 92, 70, 417, 74, 328, 292, 145, 376, 344, 366, 203, 234
74, 0.97943, -0.201784, 14, -1, -1, 15, 74, 69, 314, 79, 242, 76, 92, 328, 292, 145, 376, 344, 366, 203, 234
328, 0.979301, -0.20241, 14, -1, -1, 15, 328, 74, 69, 314, 79, 242, 76, 92, 292, 145, 376, 344, 366, 203, 234
292, 0.979163, -0.203075, 15, -1, -1, 15, 292, 328, 74, 69, 314, 79, 242, 76, 92, 145, 376, 344, 366, 203, 234
145, 0.978614, -0.205705, 15, -1, -1, 15, 145, 292, 328, 74, 69, 314, 79, 376, 344, 366, 203, 234, 299, 274, 297
376, 0.978601, -0.205765, 15, -1, -1, 15, 376, 145, 292, 328, 74, 69, 314, 79, 344, 366, 203, 234, 299, 274, 297
344, 0.978539, -0.206062, 14, -1, -1, 15, 344, 376, 145, 292, 328, 74, 69, 314, 79, 366, 203, 234, 299, 274, 297
366, 0.977974, -0.208726, 15, -1, -1, 16, 366, 344, 376, 145, 292, 328, 74, 69, 203, 234, 299, 274, 297, 110, 357, 9
203, 0.97792, -0.208979, 15, -1, -1, 16, 203, 366, 344, 376, 145, 292, 328, 74, 69, 234, 299, 274, 297, 110, 357, 9
234, 0.977698, -0.210014, 16, -1, -1, 17, 234, 203, 366, 344, 376, 145, 292, 328, 74, 69, 299, 274, 297, 110, 357, 9, 221
299, 0.976191, -0.216912, 17, -1, -1, 17, 299, 234, 203, 366, 344, 376, 145, 274, 297, 110, 357, 9, 221, 296, 85, 408, 232
274, 0.975757, -0.218855, 16, -1, -1, 17, 274, 299, 234, 203, 366, 344, 376, 145, 297, 110, 357, 9, 221, 296, 85, 408, 232
297, 0.975695, -0.219133, 18, -1, -1, 17, 297, 274, 299, 234, 203, 366, 344, 376, 145, 110, 357, 9, 221, 296, 85, 408, 232
110, 0.97546, -0.220178, 15, -1, -1, 16, 110, 297, 274, 299, 234, 203, 366, 357, 9, 221, 296, 85, 408, 232, 277, 396
357, 0.975304, -0.220868, 16, -1, -1, 17, 357, 110, 297, 274, 299, 234, 203, 366, 9, 221, 296, 85, 408, 232, 277, 396, 152
9, 0.974927, -0.222527, 18, -1, -1, 19, 9, 357, 110, 297, 274, 299, 234, 203, 366, 221, 296, 85, 408, 232, 277, 396, 152, 291, 319
221, 0.974744, -0.223324, 17, -1, -1, 18, 221, 9, 357, 110, 297, 274, 299, 234, 296, 85, 408, 232, 277, 396, 152, 291, 319, 60
296, 0.974387, -0.224878, 17, -1, -1, 18, 296, 221, 9, 357, 110, 297, 274, 299, 85, 408, 232, 277, 396, 152, 291, 319, 60, 105
85, 0.974335, -0.225102, 17, -1, -1, 18, 85, 296, 221, 9, 357, 110, 297, 274, 299, 408, 232, 277, 396, 152, 291, 319, 60, 105
408, 0.97331, -0.229494, 19, -1, -1, 18, 408, 85, 296, 221, 9, 357, 110, 297, 274, 299, 232, 277, 396, 152, 291, 319, 60, 105
232, 0.97314, -0.230214, 19, -1, -1, 20, 232, 408, 85, 296, 221, 9, 357, 110, 297, 274, 299, 277, 396, 152, 291, 319, 60, 105, 258, 261
277, 0.97249, -0.232944, 19, -1, -1, 19, 277, 232, 408, 85, 296, 221, 9, 357, 110, 396, 152, 291, 319, 60, 105, 258, 261, 115, 383
396, 0.97246, -0.233069, 19, -1, -1, 19, 396, 277, 232, 408, 85, 296, 221, 9, 357, 110, 152, 291, 319, 60, 105, 258, 261, 115, 383
152, 0.972166, -0.234293, 19, -1, -1, 19, 152, 396, 277, 232, 408, 85, 296, 221, 9, 357, 291, 319, 60, 105, 258, 261, 115, 383, 73
291, 0.971793, -0.235836, 19, -1, -1, 20, 291, 152, 396, 277, 232, 408, 85, 296, 221, 9, 319, 60, 105, 258, 261, 115, 383, 73, 119, 225
319, 0.971752, -0.236003, 19, -1, -1, 20, 319, 291, 152, 396, 277, 232, 408, 85, 296, 221, 9, 60, 105, 258, 261, 115, 383, 73, 119, 225
60, 0.971567, -0.236765, 18, -1, -1, 19, 60, 319, 291, 152, 396, 277, 232, 408, 85, 296, 221, 105, 258, 261, 115, 383, 73, 119, 225
105, 0.971169, -0.238393, 19, -1, -1, 19, 105, 60, 319, 291, 152, 396, 277, 232, 408, 85, 296, 258, 261, 115, 383, 73, 119, 225, 191
258, 0.969967, -0.243235, 21, -1, -1, 21, 258, 105, 60, 319, 291, 152, 396, 277, 232, 261, 115, 383, 73, 119, 225, 191, 280, 254, 400, 322, 365
261, 0.969943, -0.243331, 21, -1, -1, 21, 261, 258, 105, 60, 319, 291, 152, 396, 277, 232, 115, 383, 73, 119, 225, 191, 280, 254, 400, 322, 365
115, 0.969607, -0.24467, 21, -1, -1, 20, 115, 261, 258, 105, 60, 319, 291, 152, 396, 277, 383, 73, 119, 225, 191, 280, 254, 400, 322, 365
383, 0.969143, -0.246499, 22, -1, -1, 23, 383, 115, 261, 258, 105, 60, 319, 291, 152, 396, 277, 73, 119, 225, 191, 280, 254, 400, 322, 365, 196, 47, 26
73, 0.968787, -0.247893, 21, -1, -1, 22, 73, 383, 115, 261, 258, 105, 60, 319, 291, 152, 119, 225, 191, 280, 254, 400, 322, 365, 196, 47, 26, 359
119, 0.968672, -0.248344, 21, -1, -1, 21, 119, 73, 383, 115, 261, 258, 105, 60, 319, 291, 225, 191, 280, 254, 400, 322, 365, 196, 47, 26, 359
225, 0.968375, -0.2495, 21, -1, -1, 21, 225, 119, 73, 383, 115, 261, 258, 105, 60, 319, 291, 191, 280, 254, 400, 322, 365, 196, 47, 26, 359
191, 0.967724, -0.252013, 19, -1, -1, 20, 191, 225, 119, 73, 383, 115, 261, 258, 105, 280, 254, 400, 322, 365, 196, 47, 26, 359, 128, 189
280, 0.96761, -0.252448, 19, -1, -1, 19, 280, 191, 225, 119, 73, 383, 115, 261, 258, 254, 400, 322, 365, 196, 47, 26, 359, 128, 189
254, 0.96748, -0.252948, 18, -1, -1, 19, 254, 280, 191, 225, 119, 73, 383, 115, 261, 258, 400, 322, 365, 196, 47, 26, 359, 128, 189
400, 0.967039, -0.254629, 20, -1, -1, 20, 400, 254, 280, 191, 225, 119, 73, 383, 115, 261, 258, 322, 365, 196, 47, 26, 359, 128, 189, 367
322, 0.966822, -0.255451, 20, -1, -1, 21, 322, 400, 254, 280, 191, 225, 119, 73, 383, 115, 261, 258, 365, 196, 47, 26, 359, 128, 189, 367, 312
365, 0.966749, -0.255728, 20, -1, -1, 21, 365, 322, 400, 254, 280, 191, 225, 119, 73, 383, 115, 261, 258, 196, 47, 26, 359, 128, 189, 367, 312
196, 0.966029, -0.258433, 20, -1, -1, 20, 196, 365, 322, 400, 254, 280, 191, 225, 119, 73, 383, 47, 26, 359, 128, 189, 367, 312, 50, 5
47, 0.966029, -0.258434, 20, -1, -1, 20, 47, 196, 365, 322, 400, 254, 280, 191, 225, 119, 73, 383, 26, 359, 128, 189, 367, 312, 50, 5
26, 0.965667, -0.259782, 21, -1, -1, 22, 26, 47, 196, 365, 322, 400, 254, 280, 191, 225, 119, 73, 383, 359, 128, 189, 367, 312, 50, 5, 390, 302
359, 0.965388, -0.260818, 20, -1, -1, 21, 359, 26, 47, 196, 365, 322, 400, 254, 280, 191, 225, 119, 73, 128, 189, 367, 312, 50, 5, 390, 302
128, 0.964663, -0.263488, 21, -1, -1, 21, 128, 359, 26, 47, 196, 365, 322, 400, 254, 280, 191, 189, 367, 312, 50, 5, 390, 302, 51, 48, 94
189, 0.964627, -0.263618, 20, -1, -1, 21, 189, 128, 359, 26, 47, 196, 365, 322, 400, 254, 280, 191, 367, 312, 50, 5, 390, 302, 51, 48, 94
367, 0.96355, -0.26753, 19, -1, -1, 19, 367, 189, 128, 359, 26, 47, 196, 365, 322, 400, 312, 50, 5, 390, 302, 51, 48, 94, 249
312, 0.963323, -0.268346, 20, -1, -1, 19, 312, 367, 189, 128, 359, 26, 47, 196, 365, 322, 50, 5, 390, 302, 51, 48, 94, 249, 244
50, 0.96255, -0.271103, 20, -1, -1, 21, 50, 312, 367, 189, 128, 359, 26, 47, 196, 5, 390, 302, 51, 48, 94, 249, 244, 374, 209, 43, 226
5, 0.962334, -0.271869, 20, -1, -1, 21, 5, 50, 312, 367, 189, 128, 359, 26, 47, 196, 390, 302, 51, 48, 94, 249, 244, 374, 209, 43, 226
390, 0.962159, -0.272489, 18, -1, -1, 19, 390, 5, 50, 312, 367, 189, 128, 359, 26, 302, 51, 48, 94, 249, 244, 374, 209, 43, 226
302, 0.96211, -0.272662, 18, -1, -1, 19, 302, 390, 5, 50, 312, 367, 189, 128, 359, 26, 51, 48, 94, 249, 244, 374, 209, 43, 226
51, 0.961436, -0.275028, 16, -1, -1, 17, 51, 302, 390, 5, 50, 312, 367, 189, 128, 48, 94, 249, 244, 374, 209, 43, 226
48, 0.961365, -0.275278, 16, -1, -1, 17, 48, 51, 302, 390, 5, 50, 312, 367, 189, 128, 94, 249, 244, 374, 209, 43, 226
94, 0.96132, -0.275435, 16, -1, -1, 17, 94, 48, 51, 302, 390, 5, 50, 312, 367, 189, 128, 249, 244, 374, 209, 43, 226
249, 0.960611, -0.277898, 17, -1, -1, 18, 249, 94, 48, 51, 302, 390, 5, 50, 312, 367, 244, 374, 209, 43, 226, 352, 333, 356
244, 0.959555, -0.281523, 18, -1, -1, 18, 244, 249, 94, 48, 51, 302, 390, 5, 50, 312, 374, 209, 43, 226, 352, 333, 356, 22
374, 0.959371, -0.282146, 17, -1, -1, 17, 374, 244, 249, 94, 48, 51, 302, 390, 5, 50, 209, 43, 226, 352, 333, 356, 22
209, 0.959239, -0.282596, 16, -1, -1, 17, 209, 374, 244, 249, 94, 48, 51, 302, 390, 5, 50, 43, 226, 352, 333, 356, 22
43, 0.959234, -0.282614, 16, -1, -1, 17, 43, 209, 374, 244, 249, 94, 48, 51, 302, 390, 5, 50, 226, 352, 333, 356, 22
226, 0.959059, -0.283207, 16, -1, -1, 17, 226, 43, 209, 374, 244, 249, 94, 48, 51, 302, 390, 5, 50, 352, 333, 356, 22
352, 0.956835, -0.290633, 14, -1, -1, 15, 352, 226, 43, 209, 374, 244, 249, 333, 356, 22, 346, 182, 107, 20, 272
333, 0.956782, -0.290807, 14, -1, -1, 15, 333, 352, 226, 43, 209, 374, 244, 249, 356, 22, 346, 182, 107, 20, 272
356, 0.956727, -0.290986, 14, -1, -1, 15, 356, 333, 352, 226, 43, 209, 374, 244, 249, 22, 346, 182, 107, 20, 272
22, 0.955716, -0.294289, 14, -1, -1, 15, 22, 356, 333, 352, 226, 43, 209, 374, 244, 346, 182, 107, 20, 272, 148
346, 0.95476, -0.297378, 9, -1, -1, 10, 346, 22, 356, 333, 352, 182, 107, 20, 272, 148
182, 0.954501, -0.298208, 9, -1, -1, 10, 182, 346, 22, 356, 333, 352, 107, 20, 272, 148
107, 0.9542, -0.29917, 10, -1, -1, 10, 107, 182, 346, 22, 356, 333, 352, 20, 272, 148
20, 0.953846, -0.300297, 10, -1, -1, 11, 20, 107, 182, 346, 22, 356, 333, 352, 272, 148, 339
272, 0.95343, -0.301613, 10, -1, -1, 11, 272, 20, 107, 182, 346, 22, 356, 333, 352, 148, 339
148, 0.951772, -0.306805, 10, -1, -1, 11, 148, 272, 20, 107, 182, 346, 22, 339, 403, 235, 131
339, 0.949722, -0.313095, 12, -1, -1, 10, 339, 148, 272, 20, 403, 235, 131, 324, 118, 170
403, 0.948275, -0.31745, 10, -1, -1, 11, 403, 339, 148, 235, 131, 324, 118, 170, 276, 171, 33
235, 0.947669, -0.319254, 10, -1, -1, 11, 235, 403, 339, 148, 131, 324, 118, 170, 276, 171, 33
131, 0.947371, -0.320139, 10, -1, -1, 11, 131, 235, 403, 339, 148, 324, 118, 170, 276, 171, 33
324, 0.946937, -0.32142, 9, -1, -1, 10, 324, 131, 235, 403, 339, 118, 170, 276, 171, 33
118, 0.945732, -0.324947, 9, -1, -1, 10, 118, 324, 131, 235, 403, 339, 170, 276, 171, 33
170, 0.945565, -0.325432, 9, -1, -1, 10, 170, 118, 324, 131, 235, 403, 339, 276, 171, 33
276, 0.945125, -0.326709, 11, -1, -1, 11, 276, 170, 118, 324, 131, 235, 403, 171, 33, 214, 212
171, 0.945061, -0.326894, 11, -1, -1, 11, 171, 276, 170, 118, 324, 131, 235, 403, 33, 214, 212
33, 0.944077, -0.329725, 12, -1, -1, 13, 33, 171, 276, 170, 118, 324, 131, 235, 403, 214, 212, 255, 93
214, 0.940602, -0.339511, 8, -1, -1, 8, 214, 33, 171, 276, 212, 255, 93, 655
212, 0.940531, -0.339708, 8, -1, -1, 8, 212, 214, 33, 171, 276, 255, 93, 655
255, 0.939816, -0.341681, 6, -1, -1, 7, 255, 212, 214, 33, 93, 655, 347
93, 0.939577, -0.342339, 6, -1, -1, 7, 93, 255, 212, 214, 33, 655, 347
655, 0.937681, -0.347497, 7, -1, -1, 8, 655, 93, 255, 212, 214, 347, 343, 282
347, 0.935625, -0.352995, 10, -1, -1, 7, 347, 655, 93, 255, 343, 282, 246
343, 0.932946, -0.360018, 8, -1, -1, 9, 343, 347, 655, 282, 246, 136, 334, 23, 86
282, 0.932925, -0.360072, 8, -1, -1, 9, 282, 343, 347, 655, 246, 136, 334, 23, 86
246, 0.930793, -0.365546, 9, -1, -1, 10, 246, 282, 343, 347, 136, 334, 23, 86, 384, 309
136, 0.930496, -0.366301, 9, -1, -1, 9, 136, 246, 282, 343, 334, 23, 86, 384, 309
334, 0.930347, -0.36668, 9, -1, -1, 9, 334, 136, 246, 282, 343, 23, 86, 384, 309
23, 0.929283, -0.369369, 9, -1, -1, 10, 23, 334, 136, 246, 282, 343, 86, 384, 309, 55
86, 0.928974, -0.370144, 9, -1, -1, 10, 86, 23, 334, 136, 246, 282, 343, 384, 309, 55
384, 0.927179, -0.374619, 7, -1, -1, 8, 384, 86, 23, 334, 136, 246, 309, 55
309, 0.926641, -0.375947, 7, -1, -1, 8, 309, 384, 86, 23, 334, 136, 246, 55
55, 0.92398, -0.38244, 5, -1, -1, 5, 55, 309, 384, 86, 23
861, -0.393165, 0.919468, 5, -1, -1, 1, 861
178, 0.91713, -0.398589, 6, -1, -1, 6, 178, 251, 138, 253, 326, 348
251, 0.916628, -0.399741, 6, -1, -1, 6, 251, 178, 138, 253, 326, 348
138, 0.914906, -0.403666, 9, -1, -1, 9, 138, 251, 178, 253, 326, 348, 179, 210, 217
253, 0.914391, -0.404832, 9, -1, -1, 9, 253, 138, 251, 178, 326, 348, 179, 210, 217
326, 0.912337, -0.40944, 9, -1, -1, 10, 326, 253, 138, 251, 178, 348, 179, 210, 217, 243
348, 0.911708, -0.410838, 9, -1, -1, 10, 348, 326, 253, 138, 251, 178, 179, 210, 217, 243
179, 0.910399, -0.413731, 7, -1, -1, 8, 179, 348, 326, 253, 138, 210, 217, 243
210, 0.90956, -0.415573, 7, -1, -1, 8, 210, 179, 348, 326, 253, 138, 217, 243
217, 0.909392, -0.41594, 8, -1, -1, 8, 217, 210, 179, 348, 326, 253, 138, 243
243, 0.90783, -0.419339, 7, -1, -1, 8, 243, 217, 210, 179, 348, 326, 231, 67
231, 0.902986, -0.42967, 7, -1, -1, 7, 231, 243, 67, 190, 109, 294, 137
67, 0.902204, -0.43131, 6, -1, -1, 7, 67, 231, 243, 190, 109, 294, 137
190, 0.901334, -0.433124, 6, -1, -1, 7, 190, 67, 231, 109, 294, 137, 250
109, 0.901201, -0.433401, 6, -1, -1, 7, 109, 190, 67, 231, 294, 137, 250
294, 0.900252, -0.43537, 7, -1, -1, 7, 294, 109, 190, 67, 231, 137, 250
137, 0.897294, -0.441433, 8, -1, -1, 8, 137, 294, 109, 190, 67, 231, 250, 340
250, 0.895363, -0.445337, 8, -1, -1, 8, 250, 137, 294, 109, 190, 340, 31, 362
340, 0.893509, -0.449046, 9, -1, -1, 7, 340, 250, 137, 31, 362, 392, 268
31, 0.89063, -0.45473, 8, -1, -1, 8, 31, 340, 250, 362, 392, 268, 782, 301
362, 0.889028, -0.457853, 9, -1, -1, 9, 362, 31, 340, 250, 392, 268, 782, 301, 156
392, 0.88859, -0.458702, 10, -1, -1, 9, 392, 362, 31, 340, 268, 782, 301, 156, 186
268, 0.888308, -0.459248, 9, -1, -1, 9, 268, 392, 362, 31, 340, 782, 301, 156, 186
782, 0.887062, -0.461651, 9, -1, -1, 8, 782, 268, 392, 362, 31, 301, 156, 186
301, 0.886581, -0.462574, 9, -1, -1, 8, 301, 782, 268, 392, 362, 31, 156, 186
156, 0.882761, -0.469823, 10, -1, -1, 10, 156, 301, 782, 268, 392, 362, 186, 149, 313, 45
186, 0.882428, -0.470448, 11, -1, -1, 9, 186, 156, 301, 782, 268, 392, 149, 313, 45
842, -0.471216, 0.882018, 10, -1, -1, 1, 842
149, 0.879005, -0.476812, 8, -1, -1, 7, 149, 186, 156, 313, 45, 399, 287
313, 0.878778, -0.477231, 8, -1, -1, 7, 313, 149, 186, 156, 45, 399, 287
45, 0.87764, -0.47932, 9, -1, -1, 9, 45, 313, 149, 186, 156, 399, 287, 160, 377
399, 0.875254, -0.483664, 12, -1, -1, 9, 399, 45, 313, 149, 287, 160, 377, 44, 364
287, 0.873458, -0.486899, 10, -1, -1, 11, 287, 399, 45, 313, 149, 160, 377, 44, 364, 80, 288
160, 0.871679, -0.490076, 10, -1, -1, 9, 160, 287, 399, 45, 377, 44, 364, 80, 288
377, 0.871072, -0.491155, 8, -1, -1, 9, 377, 160, 287, 399, 45, 44, 364, 80, 288
44, 0.869934, -0.493168, 10, -1, -1, 9, 44, 377, 160, 287, 399, 364, 80, 288, 342
364, 0.869516, -0.493906, 10, -1, -1, 10, 364, 44, 377, 160, 287, 399, 80, 288, 342, 3
80, 0.867668, -0.497144, 12, -1, -1, 10, 80, 364, 44, 377, 160, 287, 288, 342, 3, 174
288, 0.867647, -0.49718, 13, -1, -1, 10, 288, 80, 364, 44, 377, 160, 287, 342, 3, 174
827, -0.504012, 0.863696, 11, -1, -1, 1, 827
342, 0.863198, -0.504866, 11, -1, -1, 11, 342, 288, 80, 364, 44, 3, 174, 7, 412, 63, 281
3, 0.862752, -0.505628, 12, -1, -1, 10, 3, 342, 288, 80, 364, 174, 7, 412, 63, 281
174, 0.860841, -0.508873, 10, -1, -1, 10, 174, 3, 342, 288, 80, 7, 412, 63, 281, 0
7, 0.860451, -0.509534, 10, -1, -1, 8, 7, 174, 3, 342, 412, 63, 281, 0
412, 0.859784, -0.510659, 9, -1, -1, 8, 412, 7, 174, 3, 342, 63, 281, 0
63, 0.858766, -0.512367, 8, -1, -1, 8, 63, 412, 7, 174, 3, 342, 281, 0
281, 0.858332, -0.513096, 8, -1, -1, 8, 281, 63, 412, 7, 174, 3, 342, 0
0, 0.854752, -0.519037, 7, -1, -1, 7, 0, 281, 63, 412, 7, 174, 83
83, 0.849209, -0.528056, 7, -1, -1, 8, 83, 0, 165, 285, 289, 350, 223, 19
165, 0.845841, -0.533436, 7, -1, -1, 8, 165, 83, 285, 289, 350, 223, 19, 370
285, 0.845237, -0.534392, 7, -1, -1, 8, 285, 165, 83, 289, 350, 223, 19, 370
289, 0.844968, -0.534817, 7, -1, -1, 8, 289, 285, 165, 83, 350, 223, 19, 370
350, 0.84312, -0.537726, 8, -1, -1, 9, 350, 289, 285, 165, 83, 223, 19, 370, 574
223, 0.843059, -0.537821, 8, -1, -1, 9, 223, 350, 289, 285, 165, 83, 19, 370, 574
19, 0.842046, -0.539405, 8, -1, -1, 9, 19, 223, 350, 289, 285, 165, 83, 370, 574
370, 0.838614, -0.544726, 8, -1, -1, 9, 370, 19, 223, 350, 289, 285, 165, 574, 410
574, 0.835953, -0.548801, 7, -1, -1, 7, 574, 370, 19, 223, 350, 410, 685
410, 0.833038, -0.553216, 6, -1, -1, 6, 410, 574, 370, 685, 61, 245
685, 0.828179, -0.560464, 6, -1, -1, 6, 685, 410, 574, 61, 245, 177
61, 0.827629, -0.561275, 6, -1, -1, 5, 61, 685, 410, 245, 177
837, -0.562615, 0.826719, 5, -1, -1, 1, 837
245, 0.825191, -0.564854, 7, -1, -1, 5, 245, 61, 685, 410, 177
177, 0.822647, -0.568553, 6, -1, -1, 6, 177, 245, 61, 685, 332, 603
332, 0.816812, -0.576903, 3, -1, -1, 3, 332, 177, 603
603, 0.816531, -0.577302, 3, -1, -1, 3, 603, 332, 177
527, 0.806851, -0.590754, 2, -1, -1, 2, 527, 530
530, 0.798534, -0.601949, 11, -1, -1, 9, 530, 527, 360, 649, 398, 290, 361, 631, 78
360, 0.798194, -0.6024, 11, -1, -1, 9, 360, 530, 649, 398, 290, 361, 631, 78, 657
649, 0.79704, -0.603926, 10, -1, -1, 9, 649, 360, 530, 398, 290, 361, 631, 78, 657
398, 0.79578, -0.605585, 11, -1, -1, 9, 398, 649, 360, 530, 290, 361, 631, 78, 657
290, 0.795506, -0.605945, 11, -1, -1, 9, 290, 398, 649, 360, 530, 361, 631, 78, 657
824, -0.605961, 0.795494, 11, -1, -1, 2, 824, 849
361, 0.794723, -0.606972, 11, -1, -1, 9, 361, 290, 398, 649, 360, 530, 631, 78, 657
631, 0.794315, -0.607506, 11, -1, -1, 10, 631, 361, 290, 398, 649, 360, 530, 78, 657, 199
849, -0.607392, 0.794402, 11, -1, -1, 2, 849, 824
78, 0.790991, -0.611828, 12, -1, -1, 11, 78, 631, 361, 290, 398, 649, 360, 530, 657, 199, 81
657, 0.789929, -0.613198, 13, -1, -1, 10, 657, 78, 631, 361, 290, 398, 649, 360, 199, 81
199, 0.785804, -0.618476, 13, -1, -1, 7, 199, 657, 78, 631, 81, 561, 510
81, 0.782474, -0.622683, 8, -1, -1, 8, 81, 199, 657, 78, 561, 510, 745, 192
561, 0.77981, -0.626016, 8, -1, -1, 7, 561, 81, 199, 510, 745, 192, 619
510, 0.777349, -0.629069, 9, -1, -1, 9, 510, 561, 81, 199, 745, 192, 619, 543, 751
745, 0.776766, -0.629789, 10, -1, -1, 8, 745, 510, 561, 81, 192, 619, 543, 751
192, 0.776371, -0.630276, 11, -1, -1, 8, 192, 745, 510, 561, 81, 619, 543, 751
619, 0.772398, -0.635139, 12, -1, -1, 10, 619, 192, 745, 510, 561, 543, 751, 800, 690, 216
543, 0.769665, -0.638448, 13, -1, -1, 9, 543, 619, 192, 745, 510, 751, 800, 690, 216
751, 0.768399, -0.639971, 13, -1, -1, 10, 751, 543, 619, 192, 745, 510, 800, 690, 216, 166
800, 0.766979, -0.641672, 14, -1, -1, 7, 800, 751, 543, 619, 690, 216, 166
690, 0.76638, -0.642388, 13, -1, -1, 8, 690, 800, 751, 543, 619, 216, 166, 87
216, 0.765936, -0.642917, 12, -1, -1, 8, 216, 690, 800, 751, 543, 619, 166, 87
857, -0.644559, 0.764554, 11, -1, -1, 4, 857, 850, 840, 852
850, -0.647151, 0.762362, 13, -1, -1, 4, 850, 857, 840, 852
840, -0.649587, 0.760288, 12, -1, -1, 4, 840, 850, 857, 852
166, 0.759511, -0.650494, 12, -1, -1, 8, 166, 216, 690, 800, 751, 87, 236, 355
87, 0.757824, -0.652459, 15, -1, -1, 6, 87, 166, 216, 690, 236, 355
852, -0.65273, 0.75759, 14, -1, -1, 4, 852, 840, 850, 857
236, 0.752099, -0.65905, 12, -1, -1, 9, 236, 87, 166, 355, 262, 715, 418, 714, 318
355, 0.750837, -0.660488, 12, -1, -1, 10, 355, 236, 87, 166, 262, 715, 418, 714, 318, 547
262, 0.748267, -0.663398, 9, -1, -1, 8, 262, 355, 236, 715, 418, 714, 318, 547
715, 0.747509, -0.664252, 9, -1, -1, 8, 715, 262, 355, 236, 418, 714, 318, 547
418, 0.747204, -0.664595, 10, -1, -1, 8, 418, 715, 262, 355, 236, 714, 318, 547
714, 0.746857, -0.664984, 10, -1, -1, 8, 714, 418, 715, 262, 355, 236, 318, 547
318, 0.745217, -0.666822, 9, -1, -1, 9, 318, 714, 418, 715, 262, 355, 236, 547, 563
547, 0.742253, -0.670119, 9, -1, -1, 9, 547, 318, 714, 418, 715, 262, 355, 563, 540
563, 0.736148, -0.67682, 5, -1, -1, 4, 563, 547, 318, 540
540, 0.734496, -0.678613, 4, -1, -1, 3, 540, 563, 547
608, 0.724328, -0.689456, 8, -1, -1, 5, 608, 613, 770, 151, 654
613, 0.721177, -0.692751, 12, -1, -1, 10, 613, 608, 770, 151, 654, 699, 708, 557, 707, 611
770, 0.717956, -0.696088, 15, -1, -1, 13, 770, 613, 608, 151, 654, 699, 708, 557, 707, 611, 542, 607, 784
151, 0.717249, -0.696817, 15, -1, -1, 13, 151, 770, 613, 608, 654, 699, 708, 557, 707, 611, 542, 607, 784
808, -0.698126, 0.715975, 15, -1, -1, 1, 808
654, 0.715165, -0.698956, 15, -1, -1, 15, 654, 151, 770, 613, 608, 699, 708, 557, 707, 611, 542, 607, 784, 671, 680
699, 0.712976, -0.701188, 15, -1, -1, 14, 699, 654, 151, 770, 613, 708, 557, 707, 611, 542, 607, 784, 671, 680
708, 0.712913, -0.701252, 15, -1, -1, 14, 708, 699, 654, 151, 770, 613, 557, 707, 611, 542, 607, 784, 671, 680
557, 0.712292, -0.701883, 14, -1, -1, 14, 557, 708, 699, 654, 151, 770, 613, 707, 611, 542, 607, 784, 671, 680
707, 0.711898, -0.702283, 14, -1, -1, 14, 707, 557, 708, 699, 654, 151, 770, 613, 611, 542, 607, 784, 671, 680
611, 0.711844, -0.702337, 14, -1, -1, 14, 611, 707, 557, 708, 699, 654, 151, 770, 613, 542, 607, 784, 671, 680
542, 0.711164, -0.703026, 15, -1, -1, 13, 542, 611, 707, 557, 708, 699, 654, 151, 770, 607, 784, 671, 680
607, 0.711088, -0.703103, 15, -1, -1, 13, 607, 542, 611, 707, 557, 708, 699, 654, 151, 770, 784, 671, 680
784, 0.708193, -0.706019, 14, -1, -1, 13, 784, 607, 542, 611, 707, 557, 708, 699, 654, 151, 770, 671, 680
671, 0.706962, -0.707251, 15, -1, -1, 11, 671, 784, 607, 542, 611, 707, 557, 708, 699, 654, 680
680, 0.70617, -0.708042, 15, -1, -1, 11, 680, 671, 784, 607, 542, 611, 707, 557, 708, 699, 654
803, -0.714615, 0.699518, 8, -1, -1, 1, 803
286, 0.69507, -0.718942, 8, -1, -1, 3, 286, 656, 252
656, 0.688498, -0.725238, 7, -1, -1, 7, 656, 286, 252, 674, 710, 531, 704
252, 0.688033, -0.72568, 7, -1, -1, 7, 252, 656, 286, 674, 710, 531, 704
674, 0.683375, -0.730067, 7, -1, -1, 6, 674, 252, 656, 710, 531, 704
710, 0.68252, -0.730867, 7, -1, -1, 6, 710, 674, 252, 656, 531, 704
531, 0.682493, -0.730892, 7, -1, -1, 6, 531, 710, 674, 252, 656, 704
704, 0.681192, -0.732105, 7, -1, -1, 6, 704, 531, 710, 674, 252, 656
836, -0.738893, 0.673823, 14, -1, -1, 1, 836
798, 0.669344, -0.742953, 13, -1, -1, 10, 798, 740, 773, 780, 723, 624, 683, 637, 584, 581
740, 0.667653, -0.744473, 14, -1, -1, 11, 740, 798, 773, 780, 723, 624, 683, 637, 584, 581, 602
773, 0.66739, -0.744708, 15, -1, -1, 11, 773, 740, 798, 780, 723, 624, 683, 637, 584, 581, 602
780, 0.666678, -0.745346, 16, -1, -1, 12, 780, 773, 740, 798, 723, 624, 683, 637, 584, 581, 602, 556
723, 0.665196, -0.746668, 16, -1, -1, 14, 723, 780, 773, 740, 798, 624, 683, 637, 584, 581, 602, 556, 677, 564
624, 0.663526, -0.748153, 18, -1, -1, 16, 624, 723, 780, 773, 740, 798, 683, 637, 584, 581, 602, 556, 677, 564, 706, 606
683, 0.662149, -0.749372, 19, -1, -1, 17, 683, 624, 723, 780, 773, 740, 798, 637, 584, 581, 602, 556, 677, 564, 706, 606, 589
637, 0.661354, -0.750074, 19, -1, -1, 18, 637, 683, 624, 723, 780, 773, 740, 798, 584, 581, 602, 556, 677, 564, 706, 606, 589, 720
584, 0.660805, -0.750558, 19, -1, -1, 18, 584, 637, 683, 624, 723, 780, 773, 740, 798, 581, 602, 556, 677, 564, 706, 606, 589, 720
581, 0.660456, -0.750865, 19, -1, -1, 18, 581, 584, 637, 683, 624, 723, 780, 773, 740, 798, 602, 556, 677, 564, 706, 606, 589, 720
602, 0.6576, -0.753367, 24, -1, -1, 18, 602, 581, 584, 637, 683, 624, 723, 780, 773, 740, 556, 677, 564, 706, 606, 589, 720, 545
556, 0.656677, -0.754172, 24, -1, -1, 17, 556, 602, 581, 584, 637, 683, 624, 723, 780, 677, 564, 706, 606, 589, 720, 545, 133
677, 0.654794, -0.755808, 26, -1, -1, 18, 677, 556, 602, 581, 584, 637, 683, 624, 723, 564, 706, 606, 589, 720, 545, 133, 587, 703
564, 0.654763, -0.755835, 26, -1, -1, 18, 564, 677, 556, 602, 581, 584, 637, 683, 624, 723, 706, 606, 589, 720, 545, 133, 587, 703
706, 0.654177, -0.756342, 25, -1, -1, 18, 706, 564, 677, 556, 602, 581, 584, 637, 683, 624, 606, 589, 720, 545, 133, 587, 703, 718
606, 0.653344, -0.757062, 25, -1, -1, 19, 606, 706, 564, 677, 556, 602, 581, 584, 637, 683, 624, 589, 720, 545, 133, 587, 703, 718, 621
589, 0.651609, -0.758555, 24, -1, -1, 20, 589, 606, 706, 564, 677, 556, 602, 581, 584, 637, 683, 720, 545, 133, 587, 703, 718, 621, 668, 525
720, 0.651087, -0.759003, 24, -1, -1, 19, 720, 589, 606, 706, 564, 677, 556, 602, 581, 584, 637, 545, 133, 587, 703, 718, 621, 668, 525
545, 0.64912, -0.760686, 24, -1, -1, 17, 545, 720, 589, 606, 706, 564, 677, 556, 602, 133, 587, 703, 718, 621, 668, 525, 785
804, -0.762287, 0.647239, 20, -1, -1, 3, 804, 806, 823
806, -0.762639, 0.646824, 21, -1, -1, 3, 806, 804, 823
133, 0.646066, -0.763282, 21, -1, -1, 17, 133, 545, 720, 589, 606, 706, 564, 677, 556, 587, 703, 718, 621, 668, 525, 785, 761
587, 0.645232, -0.763987, 22, -1, -1, 16, 587, 133, 545, 720, 589, 606, 706, 564, 677, 703, 718, 621, 668, 525, 785, 761
703, 0.644073, -0.764964, 22, -1, -1, 16, 703, 587, 133, 545, 720, 589, 606, 706, 564, 677, 718, 621, 668, 525, 785, 761
718, 0.643964, -0.765056, 22, -1, -1, 14, 718, 703, 587, 133, 545, 720, 589, 606, 706, 621, 668, 525, 785, 761
621, 0.642943, -0.765914, 22, -1, -1, 14, 621, 718, 703, 587, 133, 545, 720, 589, 606, 668, 525, 785, 761, 573
668, 0.64179, -0.766881, 24, -1, -1, 14, 668, 621, 718, 703, 587, 133, 545, 720, 589, 525, 785, 761, 573, 599
525, 0.641336, -0.76726, 24, -1, -1, 14, 525, 668, 621, 718, 703, 587, 133, 545, 720, 589, 785, 761, 573, 599
785, 0.639736, -0.768595, 23, -1, -1, 14, 785, 525, 668, 621, 718, 703, 587, 133, 545, 761, 573, 599, 775, 586
823, -0.769014, 0.639232, 23, -1, -1, 3, 823, 806, 804
761, 0.636893, -0.770953, 22, -1, -1, 17, 761, 785, 525, 668, 621, 718, 703, 587, 133, 573, 599, 775, 586, 777, 735, 622, 609
573, 0.632404, -0.774639, 23, -1, -1, 15, 573, 761, 785, 525, 668, 621, 599, 775, 586, 777, 735, 622, 609, 792, 594
599, 0.631378, -0.775475, 22, -1, -1, 15, 599, 573, 761, 785, 525, 668, 775, 586, 777, 735, 622, 609, 792, 594, 550
775, 0.629835, -0.776729, 20, -1, -1, 14, 775, 599, 573, 761, 785, 586, 777, 735, 622, 609, 792, 594, 550, 653
586, 0.62958, -0.776936, 21, -1, -1, 15, 586, 775, 599, 573, 761, 785, 777, 735, 622, 609, 792, 594, 550, 653, 529
777, 0.628622, -0.777711, 20, -1, -1, 15, 777, 586, 775, 599, 573, 761, 735, 622, 609, 792, 594, 550, 653, 529, 630
735, 0.628571, -0.777752, 20, -1, -1, 15, 735, 777, 586, 775, 599, 573, 761, 622, 609, 792, 594, 550, 653, 529, 630
622, 0.626724, -0.779241, 19, -1, -1, 16, 622, 735, 777, 586, 775, 599, 573, 761, 609, 792, 594, 550, 653, 529, 630, 758
609, 0.6263, -0.779582, 19, -1, -1, 17, 609, 622, 735, 777, 586, 775, 599, 573, 761, 792, 594, 550, 653, 529, 630, 758, 553
792, 0.624749, -0.780826, 18, -1, -1, 16, 792, 609, 622, 735, 777, 586, 775, 599, 573, 594, 550, 653, 529, 630, 758, 553
594, 0.624136, -0.781316, 18, -1, -1, 16, 594, 792, 609, 622, 735, 777, 586, 775, 599, 573, 550, 653, 529, 630, 758, 553
550, 0.6207, -0.784048, 18, -1, -1, 17, 550, 594, 792, 609, 622, 735, 777, 586, 775, 599, 653, 529, 630, 758, 553, 746, 549
653, 0.619424, -0.785056, 18, -1, -1, 17, 653, 550, 594, 792, 609, 622, 735, 777, 586, 775, 529, 630, 758, 553, 746, 549, 575
529, 0.618646, -0.78567, 18, -1, -1, 16, 529, 653, 550, 594, 792, 609, 622, 735, 777, 586, 630, 758, 553, 746, 549, 575
630, 0.61789, -0.786265, 17, -1, -1, 15, 630, 529, 653, 550, 594, 792, 609, 622, 735, 777, 758, 553, 746, 549, 575
758, 0.616129, -0.787645, 17, -1, -1, 13, 758, 630, 529, 653, 550, 594, 792, 609, 622, 553, 746, 549, 575
553, 0.615353, -0.788251, 16, -1, -1, 12, 553, 758, 630, 529, 653, 550, 594, 792, 609, 746, 549, 575
746, 0.612663, -0.790344, 14, -1, -1, 10, 746, 553, 758, 630, 529, 653, 550, 549, 575, 590
549, 0.609821, -0.792539, 13, -1, -1, 11, 549, 746, 553, 758, 630, 529, 653, 550, 575, 590, 711
575, 0.608769, -0.793348, 14, -1, -1, 10, 575, 549, 746, 553, 758, 630, 529, 653, 590, 711
590, 0.60231, -0.798263, 16, -1, -1, 11, 590, 575, 549, 746, 711, 627, 526, 535, 623, 523, 566
711, 0.600339, -0.799746, 16, -1, -1, 13, 711, 590, 575, 549, 627, 526, 535, 623, 523, 566, 734, 737, 507
627, 0.596884, -0.802327, 19, -1, -1, 14, 627, 711, 590, 526, 535, 623, 523, 566, 734, 737, 507, 517, 776, 638
526, 0.595589, -0.803289, 20, -1, -1, 14, 526, 627, 711, 590, 535, 623, 523, 566, 734, 737, 507, 517, 776, 638
535, 0.59492, -0.803785, 20, -1, -1, 15, 535, 526, 627, 711, 590, 623, 523, 566, 734, 737, 507, 517, 776, 638, 795
623, 0.594748, -0.803912, 20, -1, -1, 15, 623, 535, 526, 627, 711, 590, 523, 566, 734, 737, 507, 517, 776, 638, 795
523, 0.592978, -0.805219, 21, -1, -1, 19, 523, 623, 535, 526, 627, 711, 590, 566, 734, 737, 507, 517, 776, 638, 795, 660, 717, 700, 639
566, 0.592644, -0.805464, 21, -1, -1, 19, 566, 523, 623, 535, 526, 627, 711, 590, 734, 737, 507, 517, 776, 638, 795, 660, 717, 700, 639
734, 0.590461, -0.807066, 22, -1, -1, 20, 734, 566, 523, 623, 535, 526, 627, 711, 737, 507, 517, 776, 638, 795, 660, 717, 700, 639, 663, 661
737, 0.589104, -0.808057, 23, -1, -1, 20, 737, 734, 566, 523, 623, 535, 526, 627, 711, 507, 517, 776, 638, 795, 660, 717, 700, 639, 663, 661
507, 0.589076, -0.808078, 23, -1, -1, 20, 507, 737, 734, 566, 523, 623, 535, 526, 627, 711, 517, 776, 638, 795, 660, 717, 700, 639, 663, 661
517, 0.588332, -0.80862, 23, -1, -1, 19, 517, 507, 737, 734, 566, 523, 623, 535, 526, 627, 776, 638, 795, 660, 717, 700, 639, 663, 661
776, 0.586728, -0.809784, 23, -1, -1, 20, 776, 517, 507, 737, 734, 566, 523, 623, 535, 526, 627, 638, 795, 660, 717, 700, 639, 663, 661, 598
638, 0.586057, -0.81027, 23, -1, -1, 20, 638, 776, 517, 507, 737, 734, 566, 523, 623, 535, 526, 627, 795, 660, 717, 700, 639, 663, 661, 598
795, 0.58358, -0.812056, 22, -1, -1, 19, 795, 638, 776, 517, 507, 737, 734, 566, 523, 623, 535, 660, 717, 700, 639, 663, 661, 598, 688
660, 0.583051, -0.812436, 23, -1, -1, 18, 660, 795, 638, 776, 517, 507, 737, 734, 566, 523, 717, 700, 639, 663, 661, 598, 688, 582
717, 0.583034, -0.812448, 23, -1, -1, 18, 717, 660, 795, 638, 776, 517, 507, 737, 734, 566, 523, 700, 639, 663, 661, 598, 688, 582
700, 0.582631, -0.812737, 23, -1, -1, 18, 700, 717, 660, 795, 638, 776, 517, 507, 737, 734, 566, 523, 639, 663, 661, 598, 688, 582
639, 0.58154, -0.813518, 22, -1, -1, 18, 639, 700, 717, 660, 795, 638, 776, 517, 507, 737, 734, 566, 523, 663, 661, 598, 688, 582
663, 0.579807, -0.814754, 22, -1, -1, 16, 663, 639, 700, 717, 660, 795, 638, 776, 517, 507, 737, 734, 661, 598, 688, 582
846, -0.814487, 0.580182, 20, -1, -1, 1, 846
661, 0.579116, -0.815245, 20, -1, -1, 17, 661, 663, 639, 700, 717, 660, 795, 638, 776, 517, 507, 737, 734, 598, 688, 582, 754
598, 0.576215, -0.817298, 22, -1, -1, 13, 598, 661, 663, 639, 700, 717, 660, 795, 638, 776, 688, 582, 754
688, 0.574357, -0.818605, 21, -1, -1, 12, 688, 598, 661, 663, 639, 700, 717, 660, 795, 582, 754, 618
582, 0.57202, -0.82024, 19, -1, -1, 14, 582, 688, 598, 661, 663, 639, 700, 717, 660, 754, 618, 743, 642, 742
754, 0.567819, -0.823154, 18, -1, -1, 10, 754, 582, 688, 598, 661, 618, 743, 642, 742, 522
618, 0.564264, -0.825594, 16, -1, -1, 10, 618, 754, 582, 688, 743, 642, 742, 522, 694, 620
743, 0.562642, -0.826701, 14, -1, -1, 9, 743, 618, 754, 582, 642, 742, 522, 694, 620
642, 0.562339, -0.826907, 14, -1, -1, 9, 642, 743, 618, 754, 582, 742, 522, 694, 620
742, 0.562319, -0.826921, 14, -1, -1, 9, 742, 642, 743, 618, 754, 582, 522, 694, 620
860, -0.82721, 0.561892, 15, -1, -1, 1, 860
522, 0.557431, -0.830223, 14, -1, -1, 11, 522, 742, 642, 743, 618, 754, 694, 620, 760, 725, 669
694, 0.554207, -0.832379, 15, -1, -1, 12, 694, 522, 742, 642, 743, 618, 620, 760, 725, 669, 576, 562
620, 0.553209, -0.833043, 17, -1, -1, 12, 620, 694, 522, 742, 642, 743, 618, 760, 725, 669, 576, 562
760, 0.550041, -0.835138, 20, -1, -1, 10, 760, 620, 694, 522, 725, 669, 576, 562, 652, 635
725, 0.548758, -0.835981, 25, -1, -1, 11, 725, 760, 620, 694, 522, 669, 576, 562, 652, 635, 538
669, 0.54698, -0.837146, 24, -1, -1, 14, 669, 725, 760, 620, 694, 522, 576, 562, 652, 635, 538, 689, 544, 650
576, 0.54515, -0.838338, 22, -1, -1, 15, 576, 669, 725, 760, 620, 694, 562, 652, 635, 538, 689, 544, 650, 793, 769
562, 0.543753, -0.839245, 21, -1, -1, 19, 562, 576, 669, 725, 760, 620, 694, 652, 635, 538, 689, 544, 650, 793, 769, 580, 565, 771, 755
652, 0.539407, -0.842045, 22, -1, -1, 18, 652, 562, 576, 669, 725, 760, 635, 538, 689, 544, 650, 793, 769, 580, 565, 771, 755, 559
635, 0.538629, -0.842543, 22, -1, -1, 18, 635, 652, 562, 576, 669, 725, 760, 538, 689, 544, 650, 793, 769, 580, 565, 771, 755, 559
538, 0.537166, -0.843477, 23, -1, -1, 17, 538, 635, 652, 562, 576, 669, 725, 689, 544, 650, 793, 769, 580, 565, 771, 755, 559
820, -0.843073, 0.537799, 23, -1, -1, 1, 820
689, 0.536484, -0.843911, 23, -1, -1, 16, 689, 538, 635, 652, 562, 576, 669, 544, 650, 793, 769, 580, 565, 771, 755, 559
544, 0.535792, -0.84435, 25, -1, -1, 16, 544, 689, 538, 635, 652, 562, 576, 669, 650, 793, 769, 580, 565, 771, 755, 559
650, 0.535132, -0.844768, 25, -1, -1, 16, 650, 544, 689, 538, 635, 652, 562, 576, 669, 793, 769, 580, 565, 771, 755, 559
793, 0.534522, -0.845155, 25, -1, -1, 15, 793, 650, 544, 689, 538, 635, 652, 562, 576, 769, 580, 565, 771, 755, 559
769, 0.533487, -0.845808, 24, -1, -1, 16, 769, 793, 650, 544, 689, 538, 635, 652, 562, 576, 580, 565, 771, 755, 559, 592
580, 0.533173, -0.846006, 24, -1, -1, 16, 580, 769, 793, 650, 544, 689, 538, 635, 652, 562, 565, 771, 755, 559, 592, 698
565, 0.533155, -0.846018, 24, -1, -1, 16, 565, 580, 769, 793, 650, 544, 689, 538, 635, 652, 562, 771, 755, 559, 592, 698
771, 0.533108, -0.846047, 24, -1, -1, 16, 771, 565, 580, 769, 793, 650, 544, 689, 538, 635, 652, 562, 755, 559, 592, 698
755, 0.532726, -0.846288, 27, -1, -1, 16, 755, 771, 565, 580, 769, 793, 650, 544, 689, 538, 635, 652, 562, 559, 592, 698
559, 0.530321, -0.847797, 25, -1, -1, 17, 559, 755, 771, 565, 580, 769, 793, 650, 544, 689, 538, 635, 652, 592, 698, 605, 787
826, -0.851579, 0.524226, 32, -1, -1, 4, 826, 838, 843, 825
838, -0.851897, 0.52371, 33, -1, -1, 4, 838, 826, 843, 825
592, 0.521929, -0.852989, 34, -1, -1, 15, 592, 559, 755, 771, 565, 580, 769, 698, 605, 787, 524, 681, 797, 537, 778
698, 0.52138, -0.853325, 34, -1, -1, 14, 698, 592, 559, 755, 771, 565, 580, 605, 787, 524, 681, 797, 537, 778
605, 0.520409, -0.853917, 32, -1, -1, 11, 605, 698, 592, 559, 787, 524, 681, 797, 537, 778, 779
843, -0.853896, 0.520444, 31, -1, -1, 5, 843, 838, 826, 825, 853
787, 0.519447, -0.854502, 31, -1, -1, 14, 787, 605, 698, 592, 559, 524, 681, 797, 537, 778, 779, 600, 695, 684
524, 0.516079, -0.856541, 27, -1, -1, 18, 524, 787, 605, 698, 592, 681, 797, 537, 778, 779, 600, 695, 684, 533, 567, 597, 672, 560
681, 0.516069, -0.856547, 28, -1, -1, 18, 681, 524, 787, 605, 698, 592, 797, 537, 778, 779, 600, 695, 684, 533, 567, 597, 672, 560
825, -0.856106, 0.5168, 28, -1, -1, 5, 825, 843, 838, 826, 853
797, 0.512523, -0.858673, 27, -1, -1, 19, 797, 681, 524, 787, 605, 698, 592, 537, 778, 779, 600, 695, 684, 533, 567, 597, 672, 560, 558
537, 0.510841, -0.859675, 27, -1, -1, 22, 537, 797, 681, 524, 787, 605, 698, 592, 778, 779, 600, 695, 684, 533, 567, 597, 672, 560, 558, 750, 636, 552
778, 0.51028, -0.860009, 28, -1, -1, 22, 778, 537, 797, 681, 524, 787, 605, 698, 592, 779, 600, 695, 684, 533, 567, 597, 672, 560, 558, 750, 636, 552
853, -0.860074, 0.51017, 29, -1, -1, 3, 853, 825, 843
779, 0.508382, -0.861132, 30, -1, -1, 20, 779, 778, 537, 797, 681, 524, 787, 605, 600, 695, 684, 533, 567, 597, 672, 560, 558, 750, 636, 552
600, 0.508127, -0.861282, 30, -1, -1, 20, 600, 779, 778, 537, 797, 681, 524, 787, 695, 684, 533, 567, 597, 672, 560, 558, 750, 636, 552, 662
695, 0.507564, -0.861614, 30, -1, -1, 20, 695, 600, 779, 778, 537, 797, 681, 524, 787, 684, 533, 567, 597, 672, 560, 558, 750, 636, 552, 662
684, 0.507333, -0.86175, 30, -1, -1, 20, 684, 695, 600, 779, 778, 537, 797, 681, 524, 787, 533, 567, 597, 672, 560, 558, 750, 636, 552, 662
533, 0.507227, -0.861813, 30, -1, -1, 19, 533, 684, 695, 600, 779, 778, 537, 797, 681, 524, 567, 597, 672, 560, 558, 750, 636, 552, 662
567, 0.506513, -0.862232, 29, -1, -1, 19, 567, 533, 684, 695, 600, 779, 778, 537, 797, 681, 524, 597, 672, 560, 558, 750, 636, 552, 662
597, 0.505493, -0.862831, 29, -1, -1, 19, 597, 567, 533, 684, 695, 600, 779, 778, 537, 797, 681, 524, 672, 560, 558, 750, 636, 552, 662
672, 0.505402, -0.862884, 29, -1, -1, 19, 672, 597, 567, 533, 684, 695, 600, 779, 778, 537, 797, 681, 524, 560, 558, 750, 636, 552, 662
560, 0.505142, -0.863036, 29, -1, -1, 20, 560, 672, 597, 567, 533, 684, 695, 600, 779, 778, 537, 797, 681, 524, 558, 750, 636, 552, 662, 593
558, 0.501666, -0.865062, 26, -1, -1, 19, 558, 560, 672, 597, 567, 533, 684, 695, 600, 779, 778, 537, 797, 750, 636, 552, 662, 593, 579
750, 0.499618, -0.866246, 26, -1, -1, 18, 750, 558, 560, 672, 597, 567, 533, 684, 695, 600, 779, 778, 537, 636, 552, 662, 593, 579
636, 0.499603, -0.866254, 26, -1, -1, 18, 636, 750, 558, 560, 672, 597, 567, 533, 684, 695, 600, 779, 778, 537, 552, 662, 593, 579
552, 0.498941, -0.866636, 26, -1, -1, 18, 552, 636, 750, 558, 560, 672, 597, 567, 533, 684, 695, 600, 779, 778, 537, 662, 593, 579
662, 0.496025, -0.868309, 28, -1, -1, 16, 662, 552, 636, 750, 558, 560, 672, 597, 567, 533, 684, 695, 600, 593, 579, 697
593, 0.493003, -0.870027, 28, -1, -1, 11, 593, 662, 552, 636, 750, 558, 560, 579, 697, 645, 568
579, 0.492538, -0.870291, 27, -1, -1, 10, 579, 593, 662, 552, 636, 750, 558, 697, 645, 568
811, -0.870685, 0.491842, 29, -1, -1, 3, 811, 855, 841
855, -0.872323, 0.488929, 25, -1, -1, 3, 855, 811, 841
841, -0.8733, 0.487183, 25, -1, -1, 5, 841, 855, 811, 854, 815
697, 0.485457, -0.874261, 27, -1, -1, 12, 697, 579, 593, 662, 645, 568, 747, 512, 709, 551, 578, 571
645, 0.481431, -0.876484, 28, -1, -1, 15, 645, 697, 579, 593, 568, 747, 512, 709, 551, 578, 571, 577, 585, 640, 682
568, 0.480889, -0.876781, 27, -1, -1, 17, 568, 645, 697, 579, 593, 747, 512, 709, 551, 578, 571, 577, 585, 640, 682, 764, 679
747, 0.479281, -0.877661, 29, -1, -1, 16, 747, 568, 645, 697, 512, 709, 551, 578, 571, 577, 585, 640, 682, 764, 679, 729
512, 0.479278, -0.877663, 29, -1, -1, 16, 512, 747, 568, 645, 697, 709, 551, 578, 571, 577, 585, 640, 682, 764, 679, 729
709, 0.478726, -0.877964, 29, -1, -1, 16, 709, 512, 747, 568, 645, 697, 551, 578, 571, 577, 585, 640, 682, 764, 679, 729
551, 0.478321, -0.878185, 29, -1, -1, 16, 551, 709, 512, 747, 568, 645, 697, 578, 571, 577, 585, 640, 682, 764, 679, 729
578, 0.477804, -0.878466, 29, -1, -1, 16, 578, 551, 709, 512, 747, 568, 645, 697, 571, 577, 585, 640, 682, 764, 679, 729
854, -0.879738, 0.475459, 27, -1, -1, 5, 854, 841, 815, 839, 817
571, 0.474303, -0.880362, 27, -1, -1, 20, 571, 578, 551, 709, 512, 747, 568, 645, 697, 577, 585, 640, 682, 764, 679, 729, 719, 509, 696, 646
815, -0.880045, 0.474891, 27, -1, -1, 5, 815, 854, 841, 839, 817
577, 0.472471, -0.881346, 26, -1, -1, 20, 577, 571, 578, 551, 709, 512, 747, 568, 645, 585, 640, 682, 764, 679, 729, 719, 509, 696, 646, 730
585, 0.471747, -0.881734, 29, -1, -1, 20, 585, 577, 571, 578, 551, 709, 512, 747, 568, 645, 640, 682, 764, 679, 729, 719, 509, 696, 646, 730
640, 0.469795, -0.882776, 28, -1, -1, 20, 640, 585, 577, 571, 578, 551, 709, 512, 747, 568, 645, 682, 764, 679, 729, 719, 509, 696, 646, 730
682, 0.469785, -0.882781, 28, -1, -1, 20, 682, 640, 585, 577, 571, 578, 551, 709, 512, 747, 568, 645, 764, 679, 729, 719, 509, 696, 646, 730
764, 0.468788, -0.883311, 28, -1, -1, 19, 764, 682, 640, 585, 577, 571, 578, 551, 709, 512, 747, 568, 679, 729, 719, 509, 696, 646, 730
679, 0.468527, -0.883449, 27, -1, -1, 19, 679, 764, 682, 640, 585, 577, 571, 578, 551, 709, 512, 747, 568, 729, 719, 509, 696, 646, 730
729, 0.467785, -0.883842, 28, -1, -1, 18, 729, 679, 764, 682, 640, 585, 577, 571, 578, 551, 709, 512, 747, 719, 509, 696, 646, 730
839, -0.88407, 0.467354, 28, -1, -1, 5, 839, 815, 854, 817, 862
719, 0.465266, -0.885171, 28, -1, -1, 15, 719, 729, 679, 764, 682, 640, 585, 577, 571, 509, 696, 646, 730, 534, 546
509, 0.464284, -0.885687, 29, -1, -1, 15, 509, 719, 729, 679, 764, 682, 640, 585, 577, 571, 696, 646, 730, 534, 546
696, 0.463975, -0.885848, 29, -1, -1, 15, 696, 509, 719, 729, 679, 764, 682, 640, 585, 577, 571, 646, 730, 534, 546
817, -0.886084, 0.463526, 27, -1, -1, 5, 817, 839, 815, 854, 862
646, 0.462115, -0.88682, 27, -1, -1, 16, 646, 696, 509, 719, 729, 679, 764, 682, 640, 585, 577, 571, 730, 534, 546, 781
730, 0.460408, -0.887707, 27, -1, -1, 15, 730, 646, 696, 509, 719, 729, 679, 764, 682, 640, 585, 577, 534, 546, 781
862, -0.890528, 0.454928, 25, -1, -1, 4, 862, 817, 839, 847
534, 0.45392, -0.891042, 25, -1, -1, 12, 534, 730, 646, 696, 509, 719, 546, 781, 625, 675, 702, 583
546, 0.453803, -0.891102, 25, -1, -1, 12, 546, 534, 730, 646, 696, 509, 719, 781, 625, 675, 702, 583
781, 0.450139, -0.892959, 23, -1, -1, 13, 781, 546, 534, 730, 646, 625, 675, 702, 583, 739, 521, 610, 591
847, -0.893446, 0.449172, 24, -1, -1, 2, 847, 862
625, 0.445904, -0.895081, 22, -1, -1, 14, 625, 781, 546, 534, 675, 702, 583, 739, 521, 610, 591, 626, 713, 514
675, 0.442868, -0.896587, 21, -1, -1, 16, 675, 625, 781, 546, 534, 702, 583, 739, 521, 610, 591, 626, 713, 514, 765, 628
702, 0.442336, -0.896849, 21, -1, -1, 16, 702, 675, 625, 781, 546, 534, 583, 739, 521, 610, 591, 626, 713, 514, 765, 628
583, 0.442203, -0.896915, 21, -1, -1, 16, 583, 702, 675, 625, 781, 546, 534, 739, 521, 610, 591, 626, 713, 514, 765, 628
739, 0.440288, -0.897857, 21, -1, -1, 14, 739, 583, 702, 675, 625, 781, 521, 610, 591, 626, 713, 514, 765, 628
521, 0.439179, -0.898399, 21, -1, -1, 14, 521, 739, 583, 702, 675, 625, 781, 610, 591, 626, 713, 514, 765, 628
610, 0.438954, -0.89851, 21, -1, -1, 14, 610, 521, 739, 583, 702, 675, 625, 781, 591, 626, 713, 514, 765, 628
591, 0.437921, -0.899013, 22, -1, -1, 15, 591, 610, 521, 739, 583, 702, 675, 625, 781, 626, 713, 514, 765, 628, 516
626, 0.434729, -0.900561, 21, -1, -1, 16, 626, 591, 610, 521, 739, 583, 702, 675, 625, 713, 514, 765, 628, 516, 701, 799
713, 0.434172, -0.90083, 21, -1, -1, 16, 713, 626, 591, 610, 521, 739, 583, 702, 675, 625, 514, 765, 628, 516, 701, 799
514, 0.433803, -0.901008, 21, -1, -1, 16, 514, 713, 626, 591, 610, 521, 739, 583, 702, 675, 625, 765, 628, 516, 701, 799
765, 0.431133, -0.902289, 23, -1, -1, 16, 765, 514, 713, 626, 591, 610, 521, 739, 583, 702, 675, 628, 516, 701, 799, 647
628, 0.43061, -0.902538, 23, -1, -1, 17, 628, 765, 514, 713, 626, 591, 610, 521, 739, 583, 702, 675, 516, 701, 799, 647, 665
516, 0.425618, -0.904903, 23, -1, -1, 15, 516, 628, 765, 514, 713, 626, 591, 701, 799, 647, 665, 774, 513, 687, 763
801, -0.90455, 0.426367, 23, -1, -1, 1, 801
701, 0.424851, -0.905263, 25, -1, -1, 14, 701, 516, 628, 765, 514, 713, 626, 799, 647, 665, 774, 513, 687, 763
799, 0.42228, -0.906465, 22, -1, -1, 15, 799, 701, 516, 628, 765, 514, 713, 626, 647, 665, 774, 513, 687, 763, 732
647, 0.41975, -0.90764, 21, -1, -1, 13, 647, 799, 701, 516, 628, 765, 665, 774, 513, 687, 763, 732, 731
665, 0.417937, -0.908476, 22, -1, -1, 14, 665, 647, 799, 701, 516, 628, 774, 513, 687, 763, 732, 731, 659, 783
774, 0.415904, -0.909408, 24, -1, -1, 13, 774, 665, 647, 799, 701, 516, 513, 687, 763, 732, 731, 659, 783
513, 0.414525, -0.910038, 22, -1, -1, 14, 513, 774, 665, 647, 799, 701, 516, 687, 763, 732, 731, 659, 783, 588
687, 0.413937, -0.910306, 22, -1, -1, 15, 687, 513, 774, 665, 647, 799, 701, 516, 763, 732, 731, 659, 783, 588, 772
763, 0.413016, -0.910724, 22, -1, -1, 15, 763, 687, 513, 774, 665, 647, 799, 701, 516, 732, 731, 659, 783, 588, 772
732, 0.410044, -0.912066, 22, -1, -1, 16, 732, 763, 687, 513, 774, 665, 647, 799, 731, 659, 783, 588, 772, 633, 651, 789
731, 0.40721, -0.913334, 22, -1, -1, 15, 731, 732, 763, 687, 513, 774, 665, 647, 659, 783, 588, 772, 633, 651, 789
659, 0.406047, -0.913852, 20, -1, -1, 14, 659, 731, 732, 763, 687, 513, 774, 665, 783, 588, 772, 633, 651, 789
783, 0.40593, -0.913904, 20, -1, -1, 14, 783, 659, 731, 732, 763, 687, 513, 774, 665, 588, 772, 633, 651, 789
588, 0.402052, -0.915617, 22, -1, -1, 13, 588, 783, 659, 731, 732, 763, 687, 513, 772, 633, 651, 789, 617
772, 0.40142, -0.915894, 22, -1, -1, 12, 772, 588, 783, 659, 731, 732, 763, 687, 633, 651, 789, 617
633, 0.399483, -0.91674, 22, -1, -1, 10, 633, 772, 588, 783, 659, 731, 732, 651, 789, 617
651, 0.398606, -0.917122, 22, -1, -1, 12, 651, 633, 772, 588, 783, 659, 731, 732, 789, 617, 508, 791
830, -0.917018, 0.398845, 21, -1, -1, 4, 830, 858, 851, 822
789, 0.397927, -0.917417, 21, -1, -1, 12, 789, 651, 633, 772, 588, 783, 659, 731, 732, 617, 508, 791
858, -0.918133, 0.396271, 21, -1, -1, 4, 858, 830, 851, 822
851, -0.919216, 0.393754, 22, -1, -1, 4, 851, 858, 830, 822
617, 0.392496, -0.919754, 22, -1, -1, 10, 617, 789, 651, 633, 772, 588, 508, 791, 738, 741
508, 0.385831, -0.922569, 21, -1, -1, 11, 508, 617, 789, 651, 791, 738, 741, 796, 528, 569, 536
822, -0.922233, 0.386636, 21, -1, -1, 5, 822, 851, 858, 830, 819
791, 0.385662, -0.92264, 21, -1, -1, 11, 791, 508, 617, 789, 651, 738, 741, 796, 528, 569, 536
738, 0.382751, -0.923851, 21, -1, -1, 9, 738, 791, 508, 617, 741, 796, 528, 569, 536
741, 0.380003, -0.924985, 21, -1, -1, 12, 741, 738, 791, 508, 617, 796, 528, 569, 536, 721, 615, 667
796, 0.375706, -0.926739, 19, -1, -1, 11, 796, 741, 738, 791, 508, 528, 569, 536, 721, 615, 667
819, -0.926786, 0.375589, 18, -1, -1, 2, 819, 822
528, 0.374477, -0.927236, 18, -1, -1, 13, 528, 796, 741, 738, 791, 508, 569, 536, 721, 615, 667, 686, 519
569, 0.374232, -0.927335, 19, -1, -1, 13, 569, 528, 796, 741, 738, 791, 508, 536, 721, 615, 667, 686, 519
536, 0.373921, -0.927461, 19, -1, -1, 13, 536, 569, 528, 796, 741, 738, 791, 508, 721, 615, 667, 686, 519
721, 0.369422, -0.929262, 21, -1, -1, 11, 721, 536, 569, 528, 796, 741, 615, 667, 686, 519, 753
615, 0.368094, -0.929788, 21, -1, -1, 11, 615, 721, 536, 569, 528, 796, 741, 667, 686, 519, 753
667, 0.367477, -0.930033, 21, -1, -1, 11, 667, 615, 721, 536, 569, 528, 796, 741, 686, 519, 753
686, 0.362243, -0.932084, 18, -1, -1, 13, 686, 667, 615, 721, 536, 569, 528, 519, 753, 555, 693, 759, 614
519, 0.361821, -0.932247, 18, -1, -1, 13, 519, 686, 667, 615, 721, 536, 569, 528, 753, 555, 693, 759, 614
753, 0.356978, -0.934113, 17, -1, -1, 11, 753, 519, 686, 667, 615, 721, 555, 693, 759, 614, 790
814, -0.934206, 0.356734, 17, -1, -1, 2, 814, 810
810, -0.935081, 0.354435, 15, -1, -1, 2, 810, 814
555, 0.351779, -0.936083, 14, -1, -1, 8, 555, 753, 519, 686, 693, 759, 614, 790
693, 0.350273, -0.936648, 15, -1, -1, 8, 693, 555, 753, 519, 686, 759, 614, 790
759, 0.349551, -0.936917, 15, -1, -1, 8, 759, 693, 555, 753, 519, 686, 614, 790
614, 0.349233, -0.937036, 15, -1, -1, 8, 614, 759, 693, 555, 753, 519, 686, 790
790, 0.345917, -0.938265, 13, -1, -1, 6, 790, 614, 759, 693, 555, 753
835, -0.942677, 0.333707, 20, -1, -1, 5, 835, 805, 844, 829, 848
716, 0.331523, -0.943447, 19, -1, -1, 5, 716, 727, 728, 786, 736
727, 0.329952, -0.943998, 19, -1, -1, 6, 727, 716, 728, 786, 736, 692
805, -0.945482, 0.325675, 16, -1, -1, 6, 805, 835, 844, 829, 848, 809
844, -0.945681, 0.325095, 16, -1, -1, 6, 844, 805, 835, 829, 848, 809
829, -0.946002, 0.32416, 16, -1, -1, 6, 829, 844, 805, 835, 848, 809
728, 0.322239, -0.946658, 16, -1, -1, 10, 728, 727, 716, 786, 736, 692, 503, 616, 596, 541
848, -0.946516, 0.322656, 16, -1, -1, 6, 848, 829, 844, 805, 835, 809
786, 0.32158, -0.946882, 16, -1, -1, 10, 786, 728, 727, 716, 736, 692, 503, 616, 596, 541
736, 0.320144, -0.947369, 17, -1, -1, 10, 736, 786, 728, 727, 716, 692, 503, 616, 596, 541
692, 0.31783, -0.948148, 18, -1, -1, 9, 692, 736, 786, 728, 727, 503, 616, 596, 541
503, 0.31571, -0.948856, 20, -1, -1, 9, 503, 692, 736, 786, 728, 616, 596, 541, 604
616, 0.315458, -0.94894, 20, -1, -1, 9, 616, 503, 692, 736, 786, 728, 596, 541, 604
596, 0.314812, -0.949154, 20, -1, -1, 9, 596, 616, 503, 692, 736, 786, 728, 541, 604
809, -0.948995, 0.315291, 20, -1, -1, 5, 809, 848, 829, 844, 805
541, 0.309285, -0.95097, 18, -1, -1, 11, 541, 596, 616, 503, 692, 736, 786, 728, 604, 705, 532
604, 0.302565, -0.953129, 20, -1, -1, 9, 604, 541, 596, 616, 503, 705, 532, 673, 691
705, 0.299434, -0.954117, 15, -1, -1, 7, 705, 604, 541, 532, 673, 691, 643
532, 0.296598, -0.955002, 17, -1, -1, 10, 532, 705, 604, 541, 673, 691, 643, 670, 518, 612
673, 0.295459, -0.955355, 16, -1, -1, 9, 673, 532, 705, 604, 691, 643, 670, 518, 612
691, 0.294402, -0.955682, 17, -1, -1, 9, 691, 673, 532, 705, 604, 643, 670, 518, 612
643, 0.286326, -0.958132, 14, -1, -1, 10, 643, 691, 673, 532, 705, 670, 518, 612, 496, 440
670, 0.284958, -0.95854, 15, -1, -1, 10, 670, 643, 691, 673, 532, 518, 612, 496, 440, 744
518, 0.284645, -0.958633, 15, -1, -1, 10, 518, 670, 643, 691, 673, 532, 612, 496, 440, 744
612, 0.283957, -0.958837, 15, -1, -1, 10, 612, 518, 670, 643, 691, 673, 532, 496, 440, 744
831, -0.960797, 0.277254, 18, -1, -1, 3, 831, 812, 834
496, 0.275869, -0.961195, 18, -1, -1, 8, 496, 612, 518, 670, 643, 440, 744, 733
440, 0.274139, -0.96169, 20, -1, -1, 9, 440, 496, 612, 518, 670, 643, 744, 733, 722
812, -0.962109, 0.272665, 19, -1, -1, 4, 812, 831, 834, 816
744, 0.271409, -0.962464, 18, -1, -1, 10, 744, 440, 496, 612, 518, 670, 733, 722, 548, 757
834, -0.962477, 0.271362, 18, -1, -1, 4, 834, 812, 831, 816
733, 0.262972, -0.964804, 21, -1, -1, 9, 733, 744, 440, 496, 722, 548, 757, 762, 767
722, 0.260894, -0.965367, 18, -1, -1, 8, 722, 733, 744, 440, 548, 757, 762, 767
548, 0.259814, -0.965659, 19, -1, -1, 8, 548, 722, 733, 744, 757, 762, 767, 431
816, -0.965438, 0.260634, 19, -1, -1, 5, 816, 834, 812, 802, 856
757, 0.258505, -0.96601, 21, -1, -1, 8, 757, 548, 722, 733, 744, 762, 767, 431
802, -0.967194, 0.254038, 22, -1, -1, 3, 802, 816, 856
762, 0.252489, -0.9676, 20, -1, -1, 10, 762, 757, 548, 722, 733, 767, 431, 632, 644, 749
856, -0.967577, 0.252575, 20, -1, -1, 3, 856, 802, 816
767, 0.250384, -0.968147, 19, -1, -1, 10, 767, 762, 757, 548, 722, 733, 431, 632, 644, 749
431, 0.247025, -0.969009, 18, -1, -1, 11, 431, 767, 762, 757, 548, 632, 644, 749, 756, 539, 724
632, 0.24091, -0.970547, 20, -1, -1, 10, 632, 431, 767, 762, 644, 749, 756, 539, 724, 664
644, 0.240662, -0.970609, 20, -1, -1, 10, 644, 632, 431, 767, 762, 749, 756, 539, 724, 664
749, 0.239395, -0.970922, 20, -1, -1, 10, 749, 644, 632, 431, 767, 762, 756, 539, 724, 664
756, 0.236246, -0.971693, 19, -1, -1, 10, 756, 749, 644, 632, 431, 539, 724, 664, 676, 712
539, 0.235099, -0.971971, 17, -1, -1, 10, 539, 756, 749, 644, 632, 431, 724, 664, 676, 712
724, 0.234773, -0.97205, 17, -1, -1, 10, 724, 539, 756, 749, 644, 632, 431, 664, 676, 712
664, 0.229578, -0.97329, 18, -1, -1, 10, 664, 724, 539, 756, 749, 644, 632, 676, 712, 442
676, 0.223254, -0.97476, 16, -1, -1, 8, 676, 664, 724, 539, 756, 712, 442, 788
712, 0.223075, -0.974801, 16, -1, -1, 8, 712, 676, 664, 724, 539, 756, 442, 788
442, 0.219699, -0.975568, 16, -1, -1, 6, 442, 712, 676, 664, 788, 446
821, -0.975898, 0.218228, 16, -1, -1, 2, 821, 832
788, 0.214002, -0.976833, 15, -1, -1, 6, 788, 442, 712, 676, 446, 748
446, 0.20651, -0.978444, 12, -1, -1, 5, 446, 788, 442, 748, 752
832, -0.978532, 0.206095, 13, -1, -1, 4, 832, 821, 807, 813
748, 0.203696, -0.979034, 13, -1, -1, 5, 748, 446, 788, 752, 601
807, -0.979822, 0.199873, 15, -1, -1, 3, 807, 832, 813
752, 0.196399, -0.980524, 13, -1, -1, 4, 752, 748, 446, 601
601, 0.191777, -0.981439, 11, -1, -1, 5, 601, 752, 748, 678, 484
813, -0.981276, 0.192606, 11, -1, -1, 3, 813, 807, 832
678, 0.181241, -0.983439, 12, -1, -1, 4, 678, 601, 484, 641
484, 0.178749, -0.983895, 11, -1, -1, 6, 484, 678, 601, 641, 511, 666
641, 0.175614, -0.984459, 10, -1, -1, 5, 641, 484, 678, 511, 666
833, -0.984327, 0.176356, 10, -1, -1, 1, 833
511, 0.166011, -0.986124, 7, -1, -1, 5, 511, 641, 484, 666, 570
666, 0.165957, -0.986133, 7, -1, -1, 5, 666, 511, 641, 484, 570
570, 0.160559, -0.987026, 7, -1, -1, 3, 570, 666, 511
726, 0.13977, -0.990184, 4, -1, -1, 2, 726, 648
648, 0.128061, -0.991766, 2, -1, -1, 2, 648, 726
487, 0.103694, -0.994609, 4, -1, -1, 2, 487, 423
423, 0.0976144, -0.995224, 3, -1, -1, 3, 423, 487, 766
766, 0.0883442, -0.99609, 5, -1, -1, 3, 766, 423, 634
634, 0.0799664, -0.996798, 5, -1, -1, 2, 634, 766
515, 0.0657576, -0.997836, 4, -1, -1, 2, 515, 658
658, 0.0631245, -0.998006, 4, -1, -1, 2, 658, 515
794, 0.0488172, -0.998808, 3, -1, -1, 1, 794
486, 0.0226335, -0.999744, 8, -1, -1, 2, 486, 506
506, 0.0145303, -0.999894, 9, -1, -1, 7, 506, 486, 768, 428, 495, 554, 483
768, 0.00795511, -0.999968, 9, -1, -1, 7, 768, 506, 428, 495, 554, 483, 447
428, 0.0064532, -0.999979, 9, -1, -1, 7, 428, 768, 506, 495, 554, 483, 447
495, 0.00631209, -0.99998, 9, -1, -1, 7, 495, 428, 768, 506, 554, 483, 447
554, 0.00477369, -0.999989, 9, -1, -1, 7, 554, 495, 428, 768, 506, 483, 447
483, 0.00139718, -0.999999, 10, -1, -1, 7, 483, 554, 495, 428, 768, 506, 447
447, -0.00383706, -0.999993, 11, -1, -1, 8, 447, 483, 554, 495, 428, 768, 595, 572
595, -0.0130037, -0.999915, 10, -1, -1, 3, 595, 447, 572
572, -0.0159717, -0.999872, 10, -1, -1, 4, 572, 595, 447, 482
482, -0.0285329, -0.999593, 6, -1, -1, 3, 482, 572, 492
492, -0.0356679, -0.999364, 6, -1, -1, 3, 492, 482, 444
444, -0.0491192, -0.998793, 5, -1, -1, 2, 444, 492
451, -0.0690399, -0.997614, 6, -1, -1, 3, 451, 474, 427
474, -0.0764385, -0.997074, 7, -1, -1, 3, 474, 451, 427
427, -0.0817589, -0.996652, 8, -1, -1, 3, 427, 474, 451
457, -0.0978431, -0.995202, 9, -1, -1, 4, 457, 448, 455, 493
448, -0.102848, -0.994697, 11, -1, -1, 4, 448, 457, 455, 493
455, -0.10493, -0.99448, 10, -1, -1, 5, 455, 448, 457, 493, 629
493, -0.105861, -0.994381, 10, -1, -1, 5, 493, 455, 448, 457, 629
629, -0.117107, -0.993119, 12, -1, -1, 5, 629, 493, 455, 432, 438
432, -0.123272, -0.992373, 11, -1, -1, 5, 432, 629, 438, 439, 490
438, -0.126489, -0.991968, 14, -1, -1, 5, 438, 432, 629, 439, 490
439, -0.134726, -0.990883, 15, -1, -1, 5, 439, 438, 432, 490, 430
490, -0.136897, -0.990585, 15, -1, -1, 6, 490, 439, 438, 432, 430, 504
430, -0.14847, -0.988917, 14, -1, -1, 6, 430, 490, 439, 504, 470, 494
504, -0.14946, -0.988768, 14, -1, -1, 6, 504, 430, 490, 470, 494, 465
470, -0.151815, -0.988409, 15, -1, -1, 7, 470, 504, 430, 494, 465, 424, 435
494, -0.162388, -0.986727, 14, -1, -1, 8, 494, 470, 504, 430, 465, 424, 435, 421
465, -0.16252, -0.986705, 14, -1, -1, 7, 465, 494, 470, 504, 424, 435, 421
424, -0.16344, -0.986553, 14, -1, -1, 6, 424, 465, 494, 470, 435, 421
435, -0.164643, -0.986353, 13, -1, -1, 6, 435, 424, 465, 494, 470, 421
421, -0.168912, -0.985631, 13, -1, -1, 6, 421, 435, 424, 465, 494, 461
461, -0.180273, -0.983617, 15, -1, -1, 5, 461, 421, 478, 450, 489
478, -0.187297, -0.982303, 16, -1, -1, 4, 478, 461, 450, 489
450, -0.191104, -0.98157, 16, -1, -1, 4, 450, 478, 461, 489
489, -0.191757, -0.981442, 15, -1, -1, 4, 489, 450, 478, 461
426, -0.209379, -0.977834, 13, -1, -1, 5, 426, 497, 505, 502, 425
497, -0.21011, -0.977678, 13, -1, -1, 5, 497, 426, 505, 502, 425
505, -0.216616, -0.976257, 16, -1, -1, 6, 505, 497, 426, 502, 425, 498
502, -0.218476, -0.975842, 16, -1, -1, 7, 502, 505, 497, 426, 425, 498, 520
425, -0.222672, -0.974893, 15, -1, -1, 7, 425, 502, 505, 497, 426, 498, 520
498, -0.229616, -0.973281, 16, -1, -1, 5, 498, 425, 502, 505, 520
520, -0.230887, -0.972981, 16, -1, -1, 4, 520, 498, 425, 502
501, -0.249846, -0.968285, 17, -1, -1, 6, 501, 499, 460, 472, 462, 471
499, -0.251345, -0.967897, 17, -1, -1, 6, 499, 501, 460, 472, 462, 471
460, -0.251861, -0.967763, 17, -1, -1, 6, 460, 499, 501, 472, 462, 471
472, -0.255442, -0.966824, 15, -1, -1, 7, 472, 460, 499, 501, 462, 471, 456
462, -0.255462, -0.966819, 15, -1, -1, 7, 462, 472, 460, 499, 501, 471, 456
471, -0.257044, -0.9664, 15, -1, -1, 8, 471, 462, 472, 460, 499, 501, 456, 436
456, -0.267086, -0.963673, 12, -1, -1, 6, 456, 471, 462, 472, 436, 453
436, -0.269443, -0.963016, 13, -1, -1, 4, 436, 456, 471, 453
453, -0.278525, -0.960429, 12, -1, -1, 5, 453, 436, 456, 452, 473
452, -0.288324, -0.957533, 17, -1, -1, 3, 452, 453, 473
473, -0.289262, -0.95725, 17, -1, -1, 3, 473, 452, 453
468, -0.315795, -0.948828, 10, -1, -1, 2, 468, 476
476, -0.324489, -0.945889, 12, -1, -1, 7, 476, 468, 477, 441, 475, 422, 443
477, -0.329258, -0.94424, 12, -1, -1, 6, 477, 476, 441, 475, 422, 443
441, -0.330418, -0.943835, 12, -1, -1, 6, 441, 477, 476, 475, 422, 443
475, -0.331215, -0.943555, 12, -1, -1, 6, 475, 441, 477, 476, 422, 443
422, -0.336551, -0.941665, 12, -1, -1, 6, 422, 475, 441, 477, 476, 443
443, -0.337153, -0.94145, 12, -1, -1, 6, 443, 422, 475, 441, 477, 476
458, -0.368231, -0.929734, 10, -1, -1, 4, 458, 463, 445, 449
463, -0.371125, -0.928583, 10, -1, -1, 4, 463, 458, 445, 449
445, -0.374718, -0.927139, 11, -1, -1, 4, 445, 463, 458, 449
449, -0.380568, -0.924753, 10, -1, -1, 4, 449, 445, 463, 458
454, -0.410719, -0.911762, 6, -1, -1, 1, 454
437, -0.431513, -0.902107, 10, -1, -1, 1, 437
480, -0.44659, -0.894739, 9, -1, -1, 1, 480
491, -0.478658, -0.878002, 11, -1, -1, 4, 491, 485, 467, 459
485, -0.479789, -0.877384, 11, -1, -1, 5, 485, 491, 467, 459, 429
467, -0.482796, -0.875733, 11, -1, -1, 5, 467, 485, 491, 459, 429
459, -0.487077, -0.873359, 11, -1, -1, 6, 459, 467, 485, 491, 429, 488
429, -0.491862, -0.870673, 11, -1, -1, 5, 429, 459, 467, 485, 488
488, -0.4992, -0.866487, 11, -1, -1, 3, 488, 429, 459
466, -0.515938, -0.856626, 11, -1, -1, 1, 466
464, -0.550398, -0.834902, 13, -1, -1, 3, 464, 481, 479
481, -0.555588, -0.831458, 13, -1, -1, 3, 481, 464, 479
479, -0.560686, -0.828028, 13, -1, -1, 3, 479, 481, 464
434, -0.621407, -0.783488, 7, -1, -1, 1, 434
469, -0.638236, -0.769841, 6, -1, -1, 1, 469
433, -0.660656, -0.750689, 6, -1, -1, 2, 433, 500
500, -0.662381, -0.749167, 6, -1, -1, 2, 500, 433
