id, coordinates..., calculationCount, type, class, |N_eps|, N_eps...
6, 0, 2.4, 11, -1, -1, 1, 6
10, 0.9, 0, 11, 1, 0, 5, 10, 4, 9, 8, 3
11, 1, 1.5, 11, 1, 1, 5, 11, 5, 7, 2, 0
5, 1.1, 3, 11, 0, 1, 3, 11, 5, 2
7, 2.4, 2, 11, 1, 1, 5, 11, 7, 2, 0, 1
2, 2.8, 3.5, 11, 1, 1, 6, 11, 5, 7, 2, 0, 1
0, 4.2, 4, 11, 1, 1, 5, 11, 7, 2, 0, 1
1, 5.9, 3.9, 11, 1, 1, 4, 7, 2, 0, 1
4, 10, 1.3, 11, 1, 0, 5, 10, 4, 9, 8, 3
9, 11, 1, 11, 1, 0, 5, 10, 4, 9, 8, 3
8, 11.5, 1.8, 11, 1, 0, 5, 10, 4, 9, 8, 3
3, 12, 1.3, 11, 1, 0, 5, 10, 4, 9, 8, 3
