id, coordinates..., calculationCount, type, class, |N_eps|, N_eps...
5, 0.344255, 0.938876, 11, 0, 0, 2, 5, 11
2, 0.624695, 0.780869, 11, 1, 0, 4, 2, 11, 7, 0
4, 0.991656, 0.128915, 11, 1, 1, 5, 4, 8, 3, 10, 9
8, 0.987971, 0.154639, 11, 1, 1, 5, 8, 4, 3, 10, 9
3, 0.994183, 0.107703, 11, 1, 1, 5, 3, 8, 4, 10, 9
6, 0, 1, 11, -1, -1, 1, 6
10, 1, 0, 11, 1, 1, 5, 10, 3, 8, 4, 9
11, 0.5547, 0.83205, 11, 1, 0, 4, 11, 2, 5, 0
7, 0.768221, 0.640184, 11, 1, 0, 4, 7, 2, 0, 1
0, 0.724138, 0.689655, 11, 1, 0, 5, 0, 7, 11, 2, 1
1, 0.834219, 0.551433, 11, 0, 0, 3, 1, 0, 7
9, 0.995893, 0.0905357, 11, 1, 1, 5, 9, 10, 3, 8, 4
