id, coordinates..., calculationCount, type, class, |N_eps|, N_eps...
0, 0.724138, 0.689655, 5, 1, 0, 5, 0, 7, 2, 11, 1
7, 0.768221, 0.640184, 5, 1, 0, 4, 7, 0, 2, 1
2, 0.624695, 0.780869, 5, 1, 0, 4, 2, 7, 0, 11
11, 0.5547, 0.83205, 5, 1, 0, 4, 11, 2, 0, 5
1, 0.834219, 0.551433, 5, 0, 0, 3, 1, 7, 0
5, 0.344255, 0.938876, 8, 0, 0, 2, 5, 11
8, 0.987971, 0.154639, 6, 1, 1, 5, 8, 4, 3, 9, 10
4, 0.991656, 0.128915, 6, 1, 1, 5, 4, 8, 3, 9, 10
3, 0.994183, 0.107703, 6, 1, 1, 5, 3, 4, 8, 9, 10
9, 0.995893, 0.0905357, 5, 1, 1, 5, 9, 3, 4, 8, 10
6, 0, 1, 5, -1, -1, 1, 6
10, 1, 0, 5, 1, 1, 5, 10, 9, 3, 4, 8
