id, coordinates..., calculationCount, type, class, |N_eps|, N_eps...
10, 1, 0, 3, 1, 0, 4, 10, 9, 3, 4
9, 0.995893, 0.0905357, 4, 1, 0, 5, 9, 10, 3, 4, 8
3, 0.994183, 0.107703, 4, 1, 0, 5, 3, 9, 10, 4, 8
4, 0.991656, 0.128915, 4, 1, 0, 5, 4, 3, 9, 10, 8
8, 0.987971, 0.154639, 3, 1, 0, 4, 8, 4, 3, 9
1, 0.834219, 0.551433, 1, -1, -1, 2, 1, 7
7, 0.768221, 0.640184, 2, -1, -1, 3, 7, 1, 0
0, 0.724138, 0.689655, 2, -1, -1, 3, 0, 7, 2
2, 0.624695, 0.780869, 2, -1, -1, 3, 2, 0, 11
11, 0.5547, 0.83205, 1, -1, -1, 2, 11, 2
5, 0.344255, 0.938876, 0, -1, -1, 1, 5
6, 0, 1, 0, -1, -1, 1, 6
