id, coordinates..., calculationCount, type, class, |N_eps|, N_eps...
807, -0.979822, 0.199873, 862, -1, -1, 3, 807, 813, 832
813, -0.981276, 0.192606, 862, -1, -1, 3, 807, 813, 832
831, -0.960797, 0.277254, 862, -1, -1, 3, 831, 834, 812
856, -0.967577, 0.252575, 862, -1, -1, 3, 856, 816, 802
834, -0.962477, 0.271362, 862, -1, -1, 4, 831, 834, 816, 812
821, -0.975898, 0.218228, 862, -1, -1, 2, 821, 832
805, -0.945482, 0.325675, 862, -1, -1, 6, 805, 829, 809, 848, 844, 835
816, -0.965438, 0.260634, 862, -1, -1, 5, 856, 834, 816, 802, 812
829, -0.946002, 0.32416, 862, -1, -1, 6, 805, 829, 809, 848, 844, 835
833, -0.984327, 0.176356, 862, -1, -1, 1, 833
801, -0.90455, 0.426367, 862, -1, -1, 1, 801
809, -0.948995, 0.315291, 862, -1, -1, 5, 805, 829, 809, 848, 844
848, -0.946516, 0.322656, 862, -1, -1, 6, 805, 829, 809, 848, 844, 835
847, -0.893446, 0.449172, 862, -1, -1, 2, 847, 862
853, -0.860074, 0.51017, 862, -1, -1, 3, 853, 825, 843
854, -0.879738, 0.475459, 862, -1, -1, 5, 854, 839, 841, 817, 815
810, -0.935081, 0.354435, 862, -1, -1, 2, 810, 814
819, -0.926786, 0.375589, 862, -1, -1, 2, 819, 822
844, -0.945681, 0.325095, 862, -1, -1, 6, 805, 829, 809, 848, 844, 835
814, -0.934206, 0.356734, 862, -1, -1, 2, 810, 814
802, -0.967194, 0.254038, 862, -1, -1, 3, 856, 816, 802
812, -0.962109, 0.272665, 862, -1, -1, 4, 831, 834, 816, 812
858, -0.918133, 0.396271, 862, -1, -1, 4, 858, 822, 830, 851
832, -0.978532, 0.206095, 862, -1, -1, 4, 807, 813, 821, 832
839, -0.88407, 0.467354, 862, -1, -1, 5, 854, 839, 862, 817, 815
822, -0.922233, 0.386636, 862, -1, -1, 5, 819, 858, 822, 830, 851
811, -0.870685, 0.491842, 862, -1, -1, 3, 811, 855, 841
830, -0.917018, 0.398845, 862, -1, -1, 4, 858, 822, 830, 851
835, -0.942677, 0.333707, 862, -1, -1, 5, 805, 829, 848, 844, 835
825, -0.856106, 0.5168, 862, -1, -1, 5, 853, 825, 843, 838, 826
851, -0.919216, 0.393754, 862, -1, -1, 4, 858, 822, 830, 851
820, -0.843073, 0.537799, 862, -1, -1, 1, 820
855, -0.872323, 0.488929, 862, -1, -1, 3, 811, 855, 841
843, -0.853896, 0.520444, 862, -1, -1, 5, 853, 825, 843, 838, 826
838, -0.851897, 0.52371, 862, -1, -1, 4, 825, 843, 838, 826
841, -0.8733, 0.487183, 862, -1, -1, 5, 854, 811, 855, 841, 815
862, -0.890528, 0.454928, 862, -1, -1, 4, 847, 839, 862, 817
469, -0.638236, -0.769841, 862, -1, -1, 1, 469
500, -0.662381, -0.749167, 862, -1, -1, 2, 500, 433
860, -0.82721, 0.561892, 862, -1, -1, 1, 860
846, -0.814487, 0.580182, 862, -1, -1, 1, 846
433, -0.660656, -0.750689, 862, -1, -1, 2, 500, 433
817, -0.886084, 0.463526, 862, -1, -1, 5, 854, 839, 862, 817, 815
836, -0.738893, 0.673823, 862, -1, -1, 1, 836
481, -0.555588, -0.831458, 862, -1, -1, 3, 481, 464, 479
804, -0.762287, 0.647239, 862, -1, -1, 3, 804, 806, 823
815, -0.880045, 0.474891, 862, -1, -1, 5, 854, 839, 841, 817, 815
826, -0.851579, 0.524226, 862, -1, -1, 4, 825, 843, 838, 826
464, -0.550398, -0.834902, 862, -1, -1, 3, 481, 464, 479
434, -0.621407, -0.783488, 862, -1, -1, 1, 434
488, -0.4992, -0.866487, 862, -1, -1, 3, 488, 459, 429
491, -0.478658, -0.878002, 862, -1, -1, 4, 491, 459, 467, 485
459, -0.487077, -0.873359, 862, -1, -1, 6, 488, 491, 459, 467, 485, 429
852, -0.65273, 0.75759, 862, -1, -1, 4, 852, 840, 850, 857
837, -0.562615, 0.826719, 862, -1, -1, 1, 837
467, -0.482796, -0.875733, 862, -1, -1, 5, 491, 459, 467, 485, 429
806, -0.762639, 0.646824, 862, -1, -1, 3, 804, 806, 823
437, -0.431513, -0.902107, 862, -1, -1, 1, 437
485, -0.479789, -0.877384, 862, -1, -1, 5, 491, 459, 467, 485, 429
823, -0.769014, 0.639232, 862, -1, -1, 3, 804, 806, 823
466, -0.515938, -0.856626, 862, -1, -1, 1, 466
429, -0.491862, -0.870673, 862, -1, -1, 5, 488, 459, 467, 485, 429
479, -0.560686, -0.828028, 862, -1, -1, 3, 481, 464, 479
803, -0.714615, 0.699518, 862, -1, -1, 1, 803
454, -0.410719, -0.911762, 862, -1, -1, 1, 454
849, -0.607392, 0.794402, 862, -1, -1, 2, 849, 824
827, -0.504012, 0.863696, 862, -1, -1, 1, 827
463, -0.371125, -0.928583, 862, -1, -1, 4, 463, 449, 445, 458
840, -0.649587, 0.760288, 862, -1, -1, 4, 852, 840, 850, 857
824, -0.605961, 0.795494, 862, -1, -1, 2, 849, 824
449, -0.380568, -0.924753, 862, -1, -1, 4, 463, 449, 445, 458
422, -0.336551, -0.941665, 862, -1, -1, 6, 422, 441, 477, 443, 475, 476
445, -0.374718, -0.927139, 862, -1, -1, 4, 463, 449, 445, 458
480, -0.44659, -0.894739, 862, -1, -1, 1, 480
458, -0.368231, -0.929734, 862, -1, -1, 4, 463, 449, 445, 458
850, -0.647151, 0.762362, 862, -1, -1, 4, 852, 840, 850, 857
441, -0.330418, -0.943835, 862, -1, -1, 6, 422, 441, 477, 443, 475, 476
477, -0.329258, -0.94424, 862, -1, -1, 6, 422, 441, 477, 443, 475, 476
808, -0.698126, 0.715975, 862, -1, -1, 1, 808
443, -0.337153, -0.94145, 862, -1, -1, 6, 422, 441, 477, 443, 475, 476
475, -0.331215, -0.943555, 862, -1, -1, 6, 422, 441, 477, 443, 475, 476
452, -0.288324, -0.957533, 862, -1, -1, 3, 452, 473, 453
468, -0.315795, -0.948828, 862, -1, -1, 2, 468, 476
476, -0.324489, -0.945889, 862, -1, -1, 7, 422, 441, 477, 443, 475, 468, 476
436, -0.269443, -0.963016, 862, -1, -1, 4, 436, 453, 471, 456
460, -0.251861, -0.967763, 862, -1, -1, 6, 460, 501, 499, 471, 472, 462
473, -0.289262, -0.95725, 862, -1, -1, 3, 452, 473, 453
857, -0.644559, 0.764554, 862, -1, -1, 4, 852, 840, 850, 857
453, -0.278525, -0.960429, 862, -1, -1, 5, 452, 436, 473, 453, 456
501, -0.249846, -0.968285, 862, -1, -1, 6, 460, 501, 499, 471, 472, 462
425, -0.222672, -0.974893, 862, -1, -1, 7, 425, 505, 426, 502, 498, 497, 520
499, -0.251345, -0.967897, 862, -1, -1, 6, 460, 501, 499, 471, 472, 462
471, -0.257044, -0.9664, 862, -1, -1, 8, 436, 460, 501, 499, 471, 456, 472, 462
456, -0.267086, -0.963673, 862, -1, -1, 6, 436, 453, 471, 456, 472, 462
842, -0.471216, 0.882018, 862, -1, -1, 1, 842
472, -0.255442, -0.966824, 862, -1, -1, 7, 460, 501, 499, 471, 456, 472, 462
462, -0.255462, -0.966819, 862, -1, -1, 7, 460, 501, 499, 471, 456, 472, 462
505, -0.216616, -0.976257, 862, -1, -1, 6, 425, 505, 426, 502, 498, 497
478, -0.187297, -0.982303, 862, -1, -1, 4, 478, 450, 489, 461
861, -0.393165, 0.919468, 862, -1, -1, 1, 861
426, -0.209379, -0.977834, 862, -1, -1, 5, 425, 505, 426, 502, 497
502, -0.218476, -0.975842, 862, -1, -1, 7, 425, 505, 426, 502, 498, 497, 520
498, -0.229616, -0.973281, 862, -1, -1, 5, 425, 505, 502, 498, 520
497, -0.21011, -0.977678, 862, -1, -1, 5, 425, 505, 426, 502, 497
450, -0.191104, -0.98157, 862, -1, -1, 4, 478, 450, 489, 461
421, -0.168912, -0.985631, 862, -1, -1, 6, 421, 461, 435, 424, 465, 494
489, -0.191757, -0.981442, 862, -1, -1, 4, 478, 450, 489, 461
461, -0.180273, -0.983617, 862, -1, -1, 5, 478, 450, 421, 489, 461
435, -0.164643, -0.986353, 862, -1, -1, 6, 421, 435, 424, 465, 470, 494
424, -0.16344, -0.986553, 862, -1, -1, 6, 421, 435, 424, 465, 470, 494
439, -0.134726, -0.990883, 862, -1, -1, 5, 439, 430, 490, 432, 438
504, -0.14946, -0.988768, 862, -1, -1, 6, 504, 465, 470, 430, 494, 490
465, -0.16252, -0.986705, 862, -1, -1, 7, 421, 435, 424, 504, 465, 470, 494
470, -0.151815, -0.988409, 862, -1, -1, 7, 435, 424, 504, 465, 470, 430, 494
859, -0.179362, 0.983783, 862, -1, -1, 1, 859
430, -0.14847, -0.988917, 862, -1, -1, 6, 439, 504, 470, 430, 494, 490
494, -0.162388, -0.986727, 862, -1, -1, 8, 421, 435, 424, 504, 465, 470, 430, 494
490, -0.136897, -0.990585, 862, -1, -1, 6, 439, 504, 430, 490, 432, 438
432, -0.123272, -0.992373, 862, -1, -1, 5, 439, 490, 432, 438, 629
438, -0.126489, -0.991968, 862, -1, -1, 5, 439, 490, 432, 438, 629
493, -0.105861, -0.994381, 862, -1, -1, 5, 493, 448, 455, 457, 629
448, -0.102848, -0.994697, 862, -1, -1, 4, 493, 448, 455, 457
455, -0.10493, -0.99448, 862, -1, -1, 5, 493, 448, 455, 457, 629
457, -0.0978431, -0.995202, 862, -1, -1, 4, 493, 448, 455, 457
818, -0.14242, 0.989806, 862, -1, -1, 2, 818, 845
427, -0.0817589, -0.996652, 862, -1, -1, 3, 427, 474, 451
474, -0.0764385, -0.997074, 862, -1, -1, 3, 427, 474, 451
520, -0.230887, -0.972981, 862, -1, -1, 4, 425, 502, 498, 520
451, -0.0690399, -0.997614, 862, -1, -1, 3, 427, 474, 451
444, -0.0491192, -0.998793, 862, -1, -1, 2, 444, 492
845, -0.13148, 0.991319, 862, -1, -1, 2, 818, 845
492, -0.0356679, -0.999364, 862, -1, -1, 3, 444, 492, 482
482, -0.0285329, -0.999593, 862, -1, -1, 3, 492, 482, 572
629, -0.117107, -0.993119, 862, -1, -1, 5, 432, 438, 493, 455, 629
595, -0.0130037, -0.999915, 862, -1, -1, 3, 595, 447, 572
447, -0.00383706, -0.999993, 862, -1, -1, 8, 595, 447, 572, 554, 483, 768, 495, 428
572, -0.0159717, -0.999872, 862, -1, -1, 4, 482, 595, 447, 572
554, 0.00477369, -0.999989, 862, -1, -1, 7, 447, 554, 483, 768, 495, 428, 506
483, 0.00139718, -0.999999, 862, -1, -1, 7, 447, 554, 483, 768, 495, 428, 506
768, 0.00795511, -0.999968, 862, -1, -1, 7, 447, 554, 483, 768, 495, 428, 506
495, 0.00631209, -0.99998, 862, -1, -1, 7, 447, 554, 483, 768, 495, 428, 506
428, 0.0064532, -0.999979, 862, -1, -1, 7, 447, 554, 483, 768, 495, 428, 506
794, 0.0488172, -0.998808, 862, -1, -1, 1, 794
506, 0.0145303, -0.999894, 862, -1, -1, 7, 554, 483, 768, 495, 428, 506, 486
658, 0.0631245, -0.998006, 862, -1, -1, 2, 658, 515
515, 0.0657576, -0.997836, 862, -1, -1, 2, 658, 515
828, 0.0420006, 0.999118, 862, -1, -1, 1, 828
486, 0.0226335, -0.999744, 862, -1, -1, 2, 506, 486
766, 0.0883442, -0.99609, 862, -1, -1, 3, 766, 634, 423
634, 0.0799664, -0.996798, 862, -1, -1, 2, 766, 634
632, 0.24091, -0.970547, 862, -1, -1, 10, 632, 664, 539, 762, 756, 749, 644, 724, 767, 431
648, 0.128061, -0.991766, 862, -1, -1, 2, 648, 726
664, 0.229578, -0.97329, 862, -1, -1, 10, 632, 664, 539, 712, 676, 756, 749, 644, 724, 442
511, 0.166011, -0.986124, 862, -1, -1, 5, 511, 666, 570, 641, 484
666, 0.165957, -0.986133, 862, -1, -1, 5, 511, 666, 570, 641, 484
570, 0.160559, -0.987026, 862, -1, -1, 3, 511, 666, 570
726, 0.13977, -0.990184, 862, -1, -1, 2, 648, 726
539, 0.235099, -0.971971, 862, -1, -1, 10, 632, 664, 539, 712, 676, 756, 749, 644, 724, 431
612, 0.283957, -0.958837, 862, -1, -1, 10, 612, 691, 518, 744, 532, 670, 673, 643, 440, 496
641, 0.175614, -0.984459, 862, -1, -1, 5, 511, 666, 641, 678, 484
748, 0.203696, -0.979034, 862, -1, -1, 5, 748, 601, 752, 788, 446
716, 0.331523, -0.943447, 862, -1, -1, 5, 716, 786, 728, 736, 727
601, 0.191777, -0.981439, 862, -1, -1, 5, 748, 601, 678, 752, 484
762, 0.252489, -0.9676, 862, -1, -1, 10, 632, 762, 722, 749, 757, 644, 767, 548, 733, 431
615, 0.368094, -0.929788, 862, -1, -1, 11, 615, 667, 796, 569, 721, 519, 536, 741, 686, 753, 528
712, 0.223075, -0.974801, 862, -1, -1, 8, 664, 539, 712, 676, 756, 788, 724, 442
678, 0.181241, -0.983439, 862, -1, -1, 4, 641, 601, 678, 484
691, 0.294402, -0.955682, 862, -1, -1, 9, 612, 691, 518, 532, 670, 705, 604, 673, 643
676, 0.223254, -0.97476, 862, -1, -1, 8, 664, 539, 712, 676, 756, 788, 724, 442
756, 0.236246, -0.971693, 862, -1, -1, 10, 632, 664, 539, 712, 676, 756, 749, 644, 724, 431
555, 0.351779, -0.936083, 862, -1, -1, 8, 555, 759, 693, 614, 790, 519, 686, 753
752, 0.196399, -0.980524, 862, -1, -1, 4, 748, 601, 752, 446
722, 0.260894, -0.965367, 862, -1, -1, 8, 762, 722, 744, 757, 767, 548, 733, 440
518, 0.284645, -0.958633, 862, -1, -1, 10, 612, 691, 518, 744, 532, 670, 673, 643, 440, 496
744, 0.271409, -0.962464, 862, -1, -1, 10, 612, 722, 518, 744, 757, 548, 733, 670, 440, 496
788, 0.214002, -0.976833, 862, -1, -1, 6, 748, 712, 676, 788, 446, 442
749, 0.239395, -0.970922, 862, -1, -1, 10, 632, 664, 539, 762, 756, 749, 644, 724, 767, 431
596, 0.314812, -0.949154, 862, -1, -1, 9, 596, 786, 616, 604, 541, 728, 736, 692, 503
423, 0.0976144, -0.995224, 862, -1, -1, 3, 766, 423, 487
757, 0.258505, -0.96601, 862, -1, -1, 8, 762, 722, 744, 757, 767, 548, 733, 431
786, 0.32158, -0.946882, 862, -1, -1, 10, 716, 596, 786, 616, 541, 728, 736, 727, 692, 503
594, 0.624136, -0.781316, 862, -1, -1, 16, 594, 777, 630, 758, 792, 550, 622, 653, 599, 586, 775, 573, 553, 529, 609, 735
644, 0.240662, -0.970609, 862, -1, -1, 10, 632, 664, 539, 762, 756, 749, 644, 724, 767, 431
724, 0.234773, -0.97205, 862, -1, -1, 10, 632, 664, 539, 712, 676, 756, 749, 644, 724, 431
767, 0.250384, -0.968147, 862, -1, -1, 10, 632, 762, 722, 749, 757, 644, 767, 548, 733, 431
759, 0.349551, -0.936917, 862, -1, -1, 8, 555, 759, 693, 614, 790, 519, 686, 753
548, 0.259814, -0.965659, 862, -1, -1, 8, 762, 722, 744, 757, 767, 548, 733, 431
514, 0.433803, -0.901008, 862, -1, -1, 16, 514, 628, 713, 799, 521, 675, 626, 591, 702, 701, 625, 610, 516, 739, 583, 765
733, 0.262972, -0.964804, 862, -1, -1, 9, 762, 722, 744, 757, 767, 548, 733, 440, 496
532, 0.296598, -0.955002, 862, -1, -1, 10, 612, 691, 518, 532, 670, 705, 604, 541, 673, 643
693, 0.350273, -0.936648, 862, -1, -1, 8, 555, 759, 693, 614, 790, 519, 686, 753
670, 0.284958, -0.95854, 862, -1, -1, 10, 612, 691, 518, 744, 532, 670, 673, 643, 440, 496
667, 0.367477, -0.930033, 862, -1, -1, 11, 615, 667, 796, 569, 721, 519, 536, 741, 686, 753, 528
614, 0.349233, -0.937036, 862, -1, -1, 8, 555, 759, 693, 614, 790, 519, 686, 753
668, 0.64179, -0.766881, 862, 0, 3, 14, 668, 785, 525, 761, 718, 545, 599, 589, 573, 587, 720, 703, 621, 133
796, 0.375706, -0.926739, 862, -1, -1, 11, 615, 667, 796, 569, 738, 791, 721, 536, 741, 508, 528
616, 0.315458, -0.94894, 862, -1, -1, 9, 596, 786, 616, 604, 541, 728, 736, 692, 503
705, 0.299434, -0.954117, 862, -1, -1, 7, 691, 532, 705, 604, 541, 673, 643
777, 0.628622, -0.777711, 862, -1, -1, 15, 594, 777, 630, 792, 550, 622, 761, 653, 599, 586, 775, 573, 529, 609, 735
604, 0.302565, -0.953129, 862, -1, -1, 9, 691, 596, 532, 616, 705, 604, 541, 673, 503
541, 0.309285, -0.95097, 862, -1, -1, 11, 596, 786, 532, 616, 705, 604, 541, 728, 736, 692, 503
569, 0.374232, -0.927335, 862, -1, -1, 13, 615, 667, 796, 569, 738, 791, 721, 519, 536, 741, 508, 686, 528
580, 0.533173, -0.846006, 862, -1, -1, 16, 580, 635, 565, 592, 544, 650, 793, 538, 559, 698, 755, 771, 769, 652, 689, 562
789, 0.397927, -0.917417, 862, -1, -1, 12, 789, 659, 791, 588, 508, 651, 633, 772, 783, 731, 617, 732
628, 0.43061, -0.902538, 862, -1, -1, 17, 514, 628, 713, 799, 521, 675, 626, 591, 702, 701, 610, 647, 516, 665, 739, 583, 765
673, 0.295459, -0.955355, 862, -1, -1, 9, 612, 691, 518, 532, 670, 705, 604, 673, 643
738, 0.382751, -0.923851, 862, -1, -1, 9, 796, 569, 738, 791, 536, 741, 508, 528, 617
659, 0.406047, -0.913852, 862, -1, -1, 14, 789, 659, 687, 588, 651, 633, 774, 763, 513, 665, 772, 783, 731, 732
643, 0.286326, -0.958132, 862, -1, -1, 10, 612, 691, 518, 532, 670, 705, 673, 643, 440, 496
791, 0.385662, -0.92264, 862, -1, -1, 11, 796, 569, 789, 738, 791, 536, 741, 508, 651, 528, 617
790, 0.345917, -0.938265, 862, -1, -1, 6, 555, 759, 693, 614, 790, 753
713, 0.434172, -0.90083, 862, -1, -1, 16, 514, 628, 713, 799, 521, 675, 626, 591, 702, 701, 625, 610, 516, 739, 583, 765
799, 0.42228, -0.906465, 862, -1, -1, 15, 514, 628, 713, 799, 687, 626, 774, 701, 647, 763, 513, 516, 665, 732, 765
487, 0.103694, -0.994609, 862, -1, -1, 2, 423, 487
721, 0.369422, -0.929262, 862, -1, -1, 11, 615, 667, 796, 569, 721, 519, 536, 741, 686, 753, 528
519, 0.361821, -0.932247, 862, -1, -1, 13, 615, 555, 759, 693, 667, 614, 569, 721, 519, 536, 686, 753, 528
687, 0.413937, -0.910306, 862, -1, -1, 15, 659, 799, 687, 588, 774, 701, 647, 763, 513, 516, 665, 772, 783, 731, 732
551, 0.478321, -0.878185, 862, 0, 0, 16, 551, 764, 571, 679, 578, 585, 729, 577, 709, 568, 645, 512, 640, 682, 697, 747
521, 0.439179, -0.898399, 862, -1, -1, 14, 514, 628, 713, 521, 675, 781, 626, 591, 702, 625, 610, 739, 583, 765
760, 0.550041, -0.835138, 862, -1, -1, 10, 760, 635, 522, 620, 576, 694, 669, 652, 725, 562
728, 0.322239, -0.946658, 862, -1, -1, 10, 716, 596, 786, 616, 541, 728, 736, 727, 692, 503
764, 0.468788, -0.883311, 862, 0, 0, 19, 551, 764, 571, 679, 578, 585, 729, 577, 719, 709, 568, 512, 730, 640, 696, 682, 646, 509, 747
736, 0.320144, -0.947369, 862, -1, -1, 10, 716, 596, 786, 616, 541, 728, 736, 727, 692, 503
660, 0.583051, -0.812436, 862, 0, 1, 18, 660, 734, 638, 776, 700, 737, 523, 688, 663, 517, 582, 507, 795, 661, 566, 639, 717, 598
727, 0.329952, -0.943998, 862, -1, -1, 6, 716, 786, 728, 736, 727, 692
692, 0.31783, -0.948148, 862, -1, -1, 9, 596, 786, 616, 541, 728, 736, 727, 692, 503
754, 0.567819, -0.823154, 862, -1, -1, 10, 754, 522, 688, 582, 743, 661, 742, 598, 618, 642
588, 0.402052, -0.915617, 862, -1, -1, 13, 789, 659, 687, 588, 651, 633, 763, 513, 772, 783, 731, 617, 732
536, 0.373921, -0.927461, 862, -1, -1, 13, 615, 667, 796, 569, 738, 791, 721, 519, 536, 741, 508, 686, 528
741, 0.380003, -0.924985, 862, -1, -1, 12, 615, 667, 796, 569, 738, 791, 721, 536, 741, 508, 528, 617
675, 0.442868, -0.896587, 862, -1, -1, 16, 514, 628, 713, 521, 675, 781, 626, 591, 702, 546, 625, 610, 739, 534, 583, 765
533, 0.507227, -0.861813, 862, 0, 2, 19, 533, 560, 600, 695, 636, 684, 524, 797, 552, 672, 567, 537, 558, 662, 597, 681, 778, 779, 750
781, 0.450139, -0.892959, 862, -1, -1, 13, 521, 675, 781, 591, 702, 546, 625, 610, 739, 730, 534, 646, 583
626, 0.434729, -0.900561, 862, -1, -1, 16, 514, 628, 713, 799, 521, 675, 626, 591, 702, 701, 625, 610, 516, 739, 583, 765
535, 0.59492, -0.803785, 862, 0, 1, 15, 535, 734, 638, 776, 711, 737, 523, 590, 517, 507, 795, 566, 526, 627, 623
508, 0.385831, -0.922569, 862, -1, -1, 11, 796, 569, 789, 738, 791, 536, 741, 508, 651, 528, 617
591, 0.437921, -0.899013, 862, -1, -1, 15, 514, 628, 713, 521, 675, 781, 626, 591, 702, 625, 610, 516, 739, 583, 765
655, 0.937681, -0.347497, 862, -1, -1, 8, 655, 255, 282, 214, 347, 343, 212, 93
686, 0.362243, -0.932084, 862, -1, -1, 13, 615, 555, 759, 693, 667, 614, 569, 721, 519, 536, 686, 753, 528
571, 0.474303, -0.880362, 862, 1, 0, 20, 551, 764, 571, 679, 578, 585, 729, 577, 719, 709, 568, 645, 512, 640, 696, 682, 646, 697, 509, 747
651, 0.398606, -0.917122, 862, -1, -1, 12, 789, 659, 791, 588, 508, 651, 633, 772, 783, 731, 617, 732
633, 0.399483, -0.91674, 862, -1, -1, 10, 789, 659, 588, 651, 633, 772, 783, 731, 617, 732
679, 0.468527, -0.883449, 862, 0, 0, 19, 551, 764, 571, 679, 578, 585, 729, 577, 719, 709, 568, 512, 730, 640, 696, 682, 646, 509, 747
578, 0.477804, -0.878466, 862, 0, 0, 16, 551, 764, 571, 679, 578, 585, 729, 577, 709, 568, 645, 512, 640, 682, 697, 747
702, 0.442336, -0.896849, 862, -1, -1, 16, 514, 628, 713, 521, 675, 781, 626, 591, 702, 546, 625, 610, 739, 534, 583, 765
774, 0.415904, -0.909408, 862, -1, -1, 13, 659, 799, 687, 774, 701, 647, 763, 513, 516, 665, 783, 731, 732
585, 0.471747, -0.881734, 862, 1, 0, 20, 551, 764, 571, 679, 578, 585, 729, 577, 719, 709, 568, 645, 512, 730, 640, 696, 682, 646, 509, 747
546, 0.453803, -0.891102, 862, -1, -1, 12, 675, 781, 702, 546, 625, 719, 730, 696, 534, 646, 583, 509
635, 0.538629, -0.842543, 862, -1, -1, 18, 580, 760, 635, 565, 544, 650, 793, 538, 559, 755, 576, 771, 769, 669, 652, 725, 689, 562
701, 0.424851, -0.905263, 862, -1, -1, 14, 514, 628, 713, 799, 687, 626, 774, 701, 647, 763, 513, 516, 665, 765
565, 0.533155, -0.846018, 862, -1, -1, 16, 580, 635, 565, 592, 544, 650, 793, 538, 559, 698, 755, 771, 769, 652, 689, 562
729, 0.467785, -0.883842, 862, 0, 0, 18, 551, 764, 571, 679, 578, 585, 729, 577, 719, 709, 512, 730, 640, 696, 682, 646, 509, 747
683, 0.662149, -0.749372, 862, 0, 3, 17, 683, 556, 740, 637, 706, 581, 773, 589, 584, 602, 606, 677, 564, 624, 780, 723, 798
734, 0.590461, -0.807066, 862, 1, 1, 20, 660, 535, 734, 638, 776, 711, 700, 737, 523, 663, 517, 507, 795, 661, 566, 526, 639, 627, 717, 623
625, 0.445904, -0.895081, 862, -1, -1, 14, 514, 713, 521, 675, 781, 626, 591, 702, 546, 625, 610, 739, 534, 583
753, 0.356978, -0.934113, 862, -1, -1, 11, 615, 555, 759, 693, 667, 614, 790, 721, 519, 686, 753
528, 0.374477, -0.927236, 862, -1, -1, 13, 615, 667, 796, 569, 738, 791, 721, 519, 536, 741, 508, 686, 528
610, 0.438954, -0.89851, 862, -1, -1, 14, 514, 628, 713, 521, 675, 781, 626, 591, 702, 625, 610, 739, 583, 765
647, 0.41975, -0.90764, 862, -1, -1, 13, 628, 799, 687, 774, 701, 647, 763, 513, 516, 665, 731, 732, 765
577, 0.472471, -0.881346, 862, 1, 0, 20, 551, 764, 571, 679, 578, 585, 729, 577, 719, 709, 568, 645, 512, 730, 640, 696, 682, 646, 509, 747
560, 0.505142, -0.863036, 862, 1, 2, 20, 533, 560, 600, 695, 636, 684, 524, 797, 552, 593, 672, 567, 537, 558, 662, 597, 681, 778, 779, 750
763, 0.413016, -0.910724, 862, -1, -1, 15, 659, 799, 687, 588, 774, 701, 647, 763, 513, 516, 665, 772, 783, 731, 732
600, 0.508127, -0.861282, 862, 1, 2, 20, 533, 560, 600, 695, 636, 684, 524, 797, 552, 672, 567, 537, 558, 662, 597, 681, 778, 779, 787, 750
708, 0.712913, -0.701252, 862, -1, -1, 14, 708, 607, 671, 542, 707, 680, 613, 770, 784, 611, 699, 557, 654, 151
592, 0.521929, -0.852989, 862, 0, 2, 15, 580, 565, 592, 605, 524, 797, 559, 698, 755, 537, 681, 771, 778, 769, 787
638, 0.586057, -0.81027, 862, 1, 1, 20, 660, 535, 734, 638, 776, 700, 737, 523, 663, 517, 507, 795, 661, 566, 526, 639, 627, 717, 598, 623
513, 0.414525, -0.910038, 862, -1, -1, 14, 659, 799, 687, 588, 774, 701, 647, 763, 513, 516, 665, 783, 731, 732
630, 0.61789, -0.786265, 862, -1, -1, 15, 594, 777, 630, 758, 575, 792, 549, 550, 622, 653, 553, 746, 529, 609, 735
516, 0.425618, -0.904903, 862, -1, -1, 15, 514, 628, 713, 799, 687, 626, 591, 774, 701, 647, 763, 513, 516, 665, 765
579, 0.492538, -0.870291, 862, -1, -1, 10, 579, 568, 645, 636, 552, 593, 697, 558, 662, 750
719, 0.465266, -0.885171, 862, 0, 0, 15, 764, 571, 679, 585, 546, 729, 577, 719, 730, 640, 696, 534, 682, 646, 509
665, 0.417937, -0.908476, 862, -1, -1, 14, 628, 659, 799, 687, 774, 701, 647, 763, 513, 516, 665, 783, 731, 732
709, 0.478726, -0.877964, 862, 0, 0, 16, 551, 764, 571, 679, 578, 585, 729, 577, 709, 568, 645, 512, 640, 682, 697, 747
568, 0.480889, -0.876781, 862, 0, 0, 17, 551, 764, 571, 679, 578, 585, 577, 579, 709, 568, 645, 512, 640, 593, 682, 697, 747
758, 0.616129, -0.787645, 862, -1, -1, 13, 594, 630, 758, 575, 792, 549, 550, 622, 653, 553, 746, 529, 609
605, 0.520409, -0.853917, 862, 0, 2, 11, 592, 605, 524, 797, 559, 698, 537, 681, 778, 779, 787
522, 0.557431, -0.830223, 862, -1, -1, 11, 760, 754, 522, 620, 743, 694, 669, 742, 725, 618, 642
484, 0.178749, -0.983895, 862, -1, -1, 6, 511, 666, 641, 601, 678, 484
739, 0.440288, -0.897857, 862, -1, -1, 14, 514, 628, 713, 521, 675, 781, 626, 591, 702, 625, 610, 739, 583, 765
695, 0.507564, -0.861614, 862, 1, 2, 20, 533, 560, 600, 695, 636, 684, 524, 797, 552, 672, 567, 537, 558, 662, 597, 681, 778, 779, 787, 750
446, 0.20651, -0.978444, 862, -1, -1, 5, 748, 752, 788, 446, 442
645, 0.481431, -0.876484, 862, 0, 0, 15, 551, 571, 578, 585, 577, 579, 709, 568, 645, 512, 640, 593, 682, 697, 747
512, 0.479278, -0.877663, 862, 0, 0, 16, 551, 764, 571, 679, 578, 585, 729, 577, 709, 568, 645, 512, 640, 682, 697, 747
636, 0.499603, -0.866254, 862, 0, 2, 18, 533, 560, 600, 579, 695, 636, 684, 552, 593, 672, 567, 537, 558, 662, 597, 778, 779, 750
730, 0.460408, -0.887707, 862, 0, 0, 15, 764, 781, 679, 585, 546, 729, 577, 719, 730, 640, 696, 534, 682, 646, 509
772, 0.40142, -0.915894, 862, -1, -1, 12, 789, 659, 687, 588, 651, 633, 763, 772, 783, 731, 617, 732
776, 0.586728, -0.809784, 862, 1, 1, 20, 660, 535, 734, 638, 776, 700, 737, 523, 663, 517, 507, 795, 661, 566, 526, 639, 627, 717, 598, 623
684, 0.507333, -0.86175, 862, 1, 2, 20, 533, 560, 600, 695, 636, 684, 524, 797, 552, 672, 567, 537, 558, 662, 597, 681, 778, 779, 787, 750
783, 0.40593, -0.913904, 862, -1, -1, 14, 789, 659, 687, 588, 651, 633, 774, 763, 513, 665, 772, 783, 731, 732
711, 0.600339, -0.799746, 862, 0, 1, 13, 535, 734, 711, 575, 737, 549, 523, 590, 507, 566, 526, 627, 623
524, 0.516079, -0.856541, 862, 0, 2, 18, 533, 560, 600, 592, 605, 695, 684, 524, 797, 672, 567, 698, 537, 597, 681, 778, 779, 787
731, 0.40721, -0.913334, 862, -1, -1, 15, 789, 659, 687, 588, 651, 633, 774, 647, 763, 513, 665, 772, 783, 731, 732
640, 0.469795, -0.882776, 862, 1, 0, 20, 551, 764, 571, 679, 578, 585, 729, 577, 719, 709, 568, 645, 512, 730, 640, 696, 682, 646, 509, 747
797, 0.512523, -0.858673, 862, 0, 2, 19, 533, 560, 600, 592, 605, 695, 684, 524, 797, 672, 567, 698, 537, 558, 597, 681, 778, 779, 787
544, 0.535792, -0.84435, 862, -1, -1, 16, 580, 635, 565, 544, 650, 793, 538, 559, 755, 576, 771, 769, 669, 652, 689, 562
650, 0.535132, -0.844768, 862, -1, -1, 16, 580, 635, 565, 544, 650, 793, 538, 559, 755, 576, 771, 769, 669, 652, 689, 562
617, 0.392496, -0.919754, 862, -1, -1, 10, 789, 738, 791, 588, 741, 508, 651, 633, 772, 617
696, 0.463975, -0.885848, 862, 0, 0, 15, 764, 571, 679, 585, 546, 729, 577, 719, 730, 640, 696, 534, 682, 646, 509
556, 0.656677, -0.754172, 862, 0, 3, 17, 683, 556, 637, 706, 545, 581, 589, 584, 602, 606, 677, 720, 564, 624, 780, 723, 133
552, 0.498941, -0.866636, 862, 0, 2, 18, 533, 560, 600, 579, 695, 636, 684, 552, 593, 672, 567, 537, 558, 662, 597, 778, 779, 750
593, 0.493003, -0.870027, 862, 0, 2, 11, 560, 579, 568, 645, 636, 552, 593, 697, 558, 662, 750
700, 0.582631, -0.812737, 862, 0, 1, 18, 660, 734, 638, 776, 700, 737, 523, 688, 663, 517, 582, 507, 795, 661, 566, 639, 717, 598
620, 0.553209, -0.833043, 862, -1, -1, 12, 760, 522, 620, 743, 576, 694, 669, 742, 725, 562, 618, 642
575, 0.608769, -0.793348, 862, -1, -1, 10, 630, 758, 711, 575, 549, 590, 653, 553, 746, 529
792, 0.624749, -0.780826, 862, -1, -1, 16, 594, 777, 630, 758, 792, 550, 622, 653, 599, 586, 775, 573, 553, 529, 609, 735
574, 0.835953, -0.548801, 862, -1, -1, 7, 574, 685, 223, 350, 19, 370, 410
737, 0.589104, -0.808057, 862, 1, 1, 20, 660, 535, 734, 638, 776, 711, 700, 737, 523, 663, 517, 507, 795, 661, 566, 526, 639, 627, 717, 623
793, 0.534522, -0.845155, 862, -1, -1, 15, 580, 635, 565, 544, 650, 793, 538, 559, 755, 576, 771, 769, 652, 689, 562
672, 0.505402, -0.862884, 862, 0, 2, 19, 533, 560, 600, 695, 636, 684, 524, 797, 552, 672, 567, 537, 558, 662, 597, 681, 778, 779, 750
534, 0.45392, -0.891042, 862, -1, -1, 12, 675, 781, 702, 546, 625, 719, 730, 696, 534, 646, 583, 509
538, 0.537166, -0.843477, 862, -1, -1, 17, 580, 635, 565, 544, 650, 793, 538, 559, 755, 576, 771, 769, 669, 652, 725, 689, 562
549, 0.609821, -0.792539, 862, -1, -1, 11, 630, 758, 711, 575, 549, 590, 550, 653, 553, 746, 529
608, 0.724328, -0.689456, 862, -1, -1, 5, 608, 613, 770, 654, 151
567, 0.506513, -0.862232, 862, 0, 2, 19, 533, 560, 600, 695, 636, 684, 524, 797, 552, 672, 567, 537, 558, 662, 597, 681, 778, 779, 750
559, 0.530321, -0.847797, 862, -1, -1, 17, 580, 635, 565, 592, 605, 544, 650, 793, 538, 559, 698, 755, 771, 769, 787, 652, 689
682, 0.469785, -0.882781, 862, 1, 0, 20, 551, 764, 571, 679, 578, 585, 729, 577, 719, 709, 568, 645, 512, 730, 640, 696, 682, 646, 509, 747
646, 0.462115, -0.88682, 862, 0, 0, 16, 764, 781, 571, 679, 585, 546, 729, 577, 719, 730, 640, 696, 534, 682, 646, 509
523, 0.592978, -0.805219, 862, 0, 1, 19, 660, 535, 734, 638, 776, 711, 700, 737, 523, 590, 517, 507, 795, 566, 526, 639, 627, 717, 623
698, 0.52138, -0.853325, 862, 0, 2, 14, 580, 565, 592, 605, 524, 797, 559, 698, 755, 537, 681, 771, 778, 787
631, 0.794315, -0.607506, 862, -1, -1, 10, 631, 530, 649, 657, 361, 360, 290, 199, 398, 78
697, 0.485457, -0.874261, 862, 0, 0, 12, 551, 571, 578, 579, 709, 568, 645, 512, 593, 697, 747, 662
688, 0.574357, -0.818605, 862, -1, -1, 12, 660, 754, 700, 688, 663, 582, 795, 661, 639, 717, 598, 618
583, 0.442203, -0.896915, 862, -1, -1, 16, 514, 628, 713, 521, 675, 781, 626, 591, 702, 546, 625, 610, 739, 534, 583, 765
755, 0.532726, -0.846288, 862, -1, -1, 16, 580, 635, 565, 592, 544, 650, 793, 538, 559, 698, 755, 771, 769, 652, 689, 562
607, 0.711088, -0.703103, 862, -1, -1, 13, 708, 607, 671, 542, 707, 680, 770, 784, 611, 699, 557, 654, 151
590, 0.60231, -0.798263, 862, -1, -1, 11, 535, 711, 575, 549, 523, 590, 566, 526, 627, 623, 746
663, 0.579807, -0.814754, 862, 0, 1, 16, 660, 734, 638, 776, 700, 737, 688, 663, 517, 582, 507, 795, 661, 639, 717, 598
509, 0.464284, -0.885687, 862, 0, 0, 15, 764, 571, 679, 585, 546, 729, 577, 719, 730, 640, 696, 534, 682, 646, 509
537, 0.510841, -0.859675, 862, 1, 2, 22, 533, 560, 600, 592, 605, 695, 636, 684, 524, 797, 552, 672, 567, 698, 537, 558, 597, 681, 778, 779, 787, 750
740, 0.667653, -0.744473, 862, -1, -1, 11, 683, 740, 637, 581, 773, 584, 602, 624, 780, 723, 798
517, 0.588332, -0.80862, 862, 0, 1, 19, 660, 535, 734, 638, 776, 700, 737, 523, 663, 517, 507, 795, 661, 566, 526, 639, 627, 717, 623
732, 0.410044, -0.912066, 862, -1, -1, 16, 789, 659, 799, 687, 588, 651, 633, 774, 647, 763, 513, 665, 772, 783, 731, 732
558, 0.501666, -0.865062, 862, 0, 2, 19, 533, 560, 600, 579, 695, 636, 684, 797, 552, 593, 672, 567, 537, 558, 662, 597, 778, 779, 750
582, 0.57202, -0.82024, 862, -1, -1, 14, 660, 754, 700, 688, 663, 582, 743, 661, 639, 742, 717, 598, 618, 642
785, 0.639736, -0.768595, 862, -1, -1, 14, 668, 785, 525, 761, 718, 545, 599, 586, 775, 573, 587, 703, 621, 133
550, 0.6207, -0.784048, 862, -1, -1, 17, 594, 777, 630, 758, 792, 549, 550, 622, 653, 599, 586, 775, 553, 746, 529, 609, 735
747, 0.479281, -0.877661, 862, 0, 0, 16, 551, 764, 571, 679, 578, 585, 729, 577, 709, 568, 645, 512, 640, 682, 697, 747
662, 0.496025, -0.868309, 862, 0, 2, 16, 533, 560, 600, 579, 695, 636, 684, 552, 593, 672, 567, 697, 558, 662, 597, 750
597, 0.505493, -0.862831, 862, 0, 2, 19, 533, 560, 600, 695, 636, 684, 524, 797, 552, 672, 567, 537, 558, 662, 597, 681, 778, 779, 750
525, 0.641336, -0.76726, 862, 0, 3, 14, 668, 785, 525, 761, 718, 545, 599, 589, 573, 587, 720, 703, 621, 133
622, 0.626724, -0.779241, 862, -1, -1, 16, 594, 777, 630, 758, 792, 550, 622, 761, 653, 599, 586, 775, 573, 529, 609, 735
681, 0.516069, -0.856547, 862, 0, 2, 18, 533, 560, 600, 592, 605, 695, 684, 524, 797, 672, 567, 698, 537, 597, 681, 778, 779, 787
743, 0.562642, -0.826701, 862, -1, -1, 9, 754, 522, 620, 582, 743, 694, 742, 618, 642
761, 0.636893, -0.770953, 862, -1, -1, 17, 668, 777, 785, 525, 622, 761, 718, 599, 586, 775, 573, 587, 703, 621, 609, 735, 133
718, 0.643964, -0.765056, 862, 0, 3, 14, 668, 785, 525, 761, 718, 706, 545, 589, 606, 587, 720, 703, 621, 133
507, 0.589076, -0.808078, 862, 1, 1, 20, 660, 535, 734, 638, 776, 711, 700, 737, 523, 663, 517, 507, 795, 661, 566, 526, 639, 627, 717, 623
795, 0.58358, -0.812056, 862, 0, 1, 19, 660, 535, 734, 638, 776, 700, 737, 523, 688, 663, 517, 507, 795, 661, 566, 639, 717, 598, 623
637, 0.661354, -0.750074, 862, 0, 3, 18, 683, 556, 740, 637, 706, 581, 773, 589, 584, 602, 606, 677, 720, 564, 624, 780, 723, 798
706, 0.654177, -0.756342, 862, 0, 3, 18, 683, 556, 718, 637, 706, 545, 581, 589, 584, 602, 606, 677, 587, 720, 564, 703, 624, 133
765, 0.431133, -0.902289, 862, -1, -1, 16, 514, 628, 713, 799, 521, 675, 626, 591, 702, 701, 610, 647, 516, 739, 583, 765
576, 0.54515, -0.838338, 862, -1, -1, 15, 760, 635, 544, 650, 620, 793, 538, 576, 694, 769, 669, 652, 725, 689, 562
545, 0.64912, -0.760686, 862, 0, 3, 17, 668, 556, 785, 525, 718, 706, 545, 589, 602, 606, 677, 587, 720, 564, 703, 621, 133
661, 0.579116, -0.815245, 862, 0, 1, 17, 660, 754, 734, 638, 776, 700, 737, 688, 663, 517, 582, 507, 795, 661, 639, 717, 598
566, 0.592644, -0.805464, 862, 0, 1, 19, 660, 535, 734, 638, 776, 711, 700, 737, 523, 590, 517, 507, 795, 566, 526, 639, 627, 717, 623
653, 0.619424, -0.785056, 862, -1, -1, 17, 594, 777, 630, 758, 575, 792, 549, 550, 622, 653, 586, 775, 553, 746, 529, 609, 735
771, 0.533108, -0.846047, 862, -1, -1, 16, 580, 635, 565, 592, 544, 650, 793, 538, 559, 698, 755, 771, 769, 652, 689, 562
599, 0.631378, -0.775475, 862, -1, -1, 15, 594, 668, 777, 792, 785, 550, 525, 622, 761, 599, 586, 775, 573, 609, 735
778, 0.51028, -0.860009, 862, 1, 2, 22, 533, 560, 600, 592, 605, 695, 636, 684, 524, 797, 552, 672, 567, 698, 537, 558, 597, 681, 778, 779, 787, 750
694, 0.554207, -0.832379, 862, -1, -1, 12, 760, 522, 620, 743, 576, 694, 669, 742, 725, 562, 618, 642
769, 0.533487, -0.845808, 862, -1, -1, 16, 580, 635, 565, 592, 544, 650, 793, 538, 559, 755, 576, 771, 769, 652, 689, 562
526, 0.595589, -0.803289, 862, 0, 1, 14, 535, 734, 638, 776, 711, 737, 523, 590, 517, 507, 566, 526, 627, 623
581, 0.660456, -0.750865, 862, 0, 3, 18, 683, 556, 740, 637, 706, 581, 773, 589, 584, 602, 606, 677, 720, 564, 624, 780, 723, 798
773, 0.66739, -0.744708, 862, -1, -1, 11, 683, 740, 637, 581, 773, 584, 602, 624, 780, 723, 798
530, 0.798534, -0.601949, 862, -1, -1, 9, 631, 530, 649, 527, 361, 360, 290, 398, 78
649, 0.79704, -0.603926, 862, -1, -1, 9, 631, 530, 649, 657, 361, 360, 290, 398, 78
586, 0.62958, -0.776936, 862, -1, -1, 15, 594, 777, 792, 785, 550, 622, 761, 653, 599, 586, 775, 573, 529, 609, 735
589, 0.651609, -0.758555, 862, 1, 3, 20, 668, 683, 556, 525, 718, 637, 706, 545, 581, 589, 584, 602, 606, 677, 587, 720, 564, 703, 621, 133
669, 0.54698, -0.837146, 862, -1, -1, 14, 760, 635, 522, 544, 650, 620, 538, 576, 694, 669, 652, 725, 689, 562
527, 0.806851, -0.590754, 862, -1, -1, 2, 530, 527
779, 0.508382, -0.861132, 862, 1, 2, 20, 533, 560, 600, 605, 695, 636, 684, 524, 797, 552, 672, 567, 537, 558, 597, 681, 778, 779, 787, 750
671, 0.706962, -0.707251, 862, -1, -1, 11, 708, 607, 671, 542, 707, 680, 784, 611, 699, 557, 654
745, 0.776766, -0.629789, 862, -1, -1, 8, 745, 619, 751, 543, 510, 561, 192, 81
619, 0.772398, -0.635139, 862, -1, -1, 10, 745, 619, 751, 690, 800, 543, 510, 561, 192, 216
440, 0.274139, -0.96169, 862, -1, -1, 9, 612, 722, 518, 744, 733, 670, 643, 440, 496
584, 0.660805, -0.750558, 862, 0, 3, 18, 683, 556, 740, 637, 706, 581, 773, 589, 584, 602, 606, 677, 720, 564, 624, 780, 723, 798
787, 0.519447, -0.854502, 862, 0, 2, 14, 600, 592, 605, 695, 684, 524, 797, 559, 698, 537, 681, 778, 779, 787
775, 0.629835, -0.776729, 862, -1, -1, 14, 594, 777, 792, 785, 550, 622, 761, 653, 599, 586, 775, 573, 609, 735
602, 0.6576, -0.753367, 862, 0, 3, 18, 683, 556, 740, 637, 706, 545, 581, 773, 589, 584, 602, 606, 677, 720, 564, 624, 780, 723
573, 0.632404, -0.774639, 862, -1, -1, 15, 594, 668, 777, 792, 785, 525, 622, 761, 599, 586, 775, 573, 621, 609, 735
553, 0.615353, -0.788251, 862, -1, -1, 12, 594, 630, 758, 575, 792, 549, 550, 653, 553, 746, 529, 609
714, 0.746857, -0.664984, 862, -1, -1, 8, 714, 715, 547, 355, 418, 318, 262, 236
639, 0.58154, -0.813518, 862, 0, 1, 18, 660, 734, 638, 776, 700, 737, 523, 688, 663, 517, 582, 507, 795, 661, 566, 639, 717, 598
742, 0.562319, -0.826921, 862, -1, -1, 9, 754, 522, 620, 582, 743, 694, 742, 618, 642
751, 0.768399, -0.639971, 862, -1, -1, 10, 745, 619, 751, 690, 800, 543, 510, 192, 216, 166
652, 0.539407, -0.842045, 862, -1, -1, 18, 580, 760, 635, 565, 544, 650, 793, 538, 559, 755, 576, 771, 769, 669, 652, 725, 689, 562
606, 0.653344, -0.757062, 862, 0, 3, 19, 683, 556, 718, 637, 706, 545, 581, 589, 584, 602, 606, 677, 587, 720, 564, 703, 624, 621, 133
442, 0.219699, -0.975568, 862, -1, -1, 6, 664, 712, 676, 788, 446, 442
725, 0.548758, -0.835981, 862, -1, -1, 11, 760, 635, 522, 620, 538, 576, 694, 669, 652, 725, 562
690, 0.76638, -0.642388, 862, -1, -1, 8, 619, 751, 690, 800, 543, 216, 166, 87
542, 0.711164, -0.703026, 862, -1, -1, 13, 708, 607, 671, 542, 707, 680, 770, 784, 611, 699, 557, 654, 151
750, 0.499618, -0.866246, 862, 0, 2, 18, 533, 560, 600, 579, 695, 636, 684, 552, 593, 672, 567, 537, 558, 662, 597, 778, 779, 750
707, 0.711898, -0.702283, 862, -1, -1, 14, 708, 607, 671, 542, 707, 680, 613, 770, 784, 611, 699, 557, 654, 151
704, 0.681192, -0.732105, 862, -1, -1, 6, 704, 531, 656, 710, 674, 252
627, 0.596884, -0.802327, 862, 0, 1, 14, 535, 734, 638, 776, 711, 737, 523, 590, 517, 507, 566, 526, 627, 623
496, 0.275869, -0.961195, 862, -1, -1, 8, 612, 518, 744, 733, 670, 643, 440, 496
689, 0.536484, -0.843911, 862, -1, -1, 16, 580, 635, 565, 544, 650, 793, 538, 559, 755, 576, 771, 769, 669, 652, 689, 562
717, 0.583034, -0.812448, 862, 0, 1, 18, 660, 734, 638, 776, 700, 737, 523, 688, 663, 517, 582, 507, 795, 661, 566, 639, 717, 598
800, 0.766979, -0.641672, 862, -1, -1, 7, 619, 751, 690, 800, 543, 216, 166
598, 0.576215, -0.817298, 862, 0, 1, 13, 660, 754, 638, 776, 700, 688, 663, 582, 795, 661, 639, 717, 598
431, 0.247025, -0.969009, 862, -1, -1, 11, 632, 539, 762, 756, 749, 757, 644, 724, 767, 548, 431
715, 0.747509, -0.664252, 862, -1, -1, 8, 714, 715, 547, 355, 418, 318, 262, 236
562, 0.543753, -0.839245, 862, -1, -1, 19, 580, 760, 635, 565, 544, 650, 620, 793, 538, 755, 576, 771, 694, 769, 669, 652, 725, 689, 562
677, 0.654794, -0.755808, 862, 0, 3, 18, 683, 556, 637, 706, 545, 581, 589, 584, 602, 606, 677, 587, 720, 564, 703, 624, 723, 133
680, 0.70617, -0.708042, 862, -1, -1, 11, 708, 607, 671, 542, 707, 680, 784, 611, 699, 557, 654
587, 0.645232, -0.763987, 862, 0, 3, 16, 668, 785, 525, 761, 718, 706, 545, 589, 606, 677, 587, 720, 564, 703, 621, 133
720, 0.651087, -0.759003, 862, 0, 3, 19, 668, 556, 525, 718, 637, 706, 545, 581, 589, 584, 602, 606, 677, 587, 720, 564, 703, 621, 133
531, 0.682493, -0.730892, 862, -1, -1, 6, 704, 531, 656, 710, 674, 252
623, 0.594748, -0.803912, 862, 0, 1, 15, 535, 734, 638, 776, 711, 737, 523, 590, 517, 507, 795, 566, 526, 627, 623
618, 0.564264, -0.825594, 862, -1, -1, 10, 754, 522, 620, 688, 582, 743, 694, 742, 618, 642
564, 0.654763, -0.755835, 862, 0, 3, 18, 683, 556, 637, 706, 545, 581, 589, 584, 602, 606, 677, 587, 720, 564, 703, 624, 723, 133
540, 0.734496, -0.678613, 862, -1, -1, 3, 540, 563, 547
746, 0.612663, -0.790344, 862, -1, -1, 10, 630, 758, 575, 549, 590, 550, 653, 553, 746, 529
563, 0.736148, -0.67682, 862, -1, -1, 4, 540, 563, 547, 318
529, 0.618646, -0.78567, 862, -1, -1, 16, 594, 777, 630, 758, 575, 792, 549, 550, 622, 653, 586, 553, 746, 529, 609, 735
703, 0.644073, -0.764964, 862, 0, 3, 16, 668, 785, 525, 761, 718, 706, 545, 589, 606, 677, 587, 720, 564, 703, 621, 133
656, 0.688498, -0.725238, 862, -1, -1, 7, 704, 531, 656, 710, 674, 286, 252
613, 0.721177, -0.692751, 862, -1, -1, 10, 708, 608, 707, 613, 770, 611, 699, 557, 654, 151
547, 0.742253, -0.670119, 862, -1, -1, 9, 714, 715, 540, 563, 547, 355, 418, 318, 262
624, 0.663526, -0.748153, 862, -1, -1, 16, 683, 556, 740, 637, 706, 581, 773, 584, 602, 606, 677, 564, 624, 780, 723, 798
780, 0.666678, -0.745346, 862, -1, -1, 12, 683, 556, 740, 637, 581, 773, 584, 602, 624, 780, 723, 798
621, 0.642943, -0.765914, 862, 0, 3, 14, 668, 785, 525, 761, 718, 545, 589, 573, 606, 587, 720, 703, 621, 133
642, 0.562339, -0.826907, 862, -1, -1, 9, 754, 522, 620, 582, 743, 694, 742, 618, 642
770, 0.717956, -0.696088, 862, -1, -1, 13, 708, 608, 607, 542, 707, 613, 770, 784, 611, 699, 557, 654, 151
603, 0.816531, -0.577302, 862, -1, -1, 3, 603, 177, 332
784, 0.708193, -0.706019, 862, -1, -1, 13, 708, 607, 671, 542, 707, 680, 770, 784, 611, 699, 557, 654, 151
657, 0.789929, -0.613198, 862, -1, -1, 10, 631, 649, 657, 361, 360, 290, 81, 199, 398, 78
609, 0.6263, -0.779582, 862, -1, -1, 17, 594, 777, 630, 758, 792, 550, 622, 761, 653, 599, 586, 775, 573, 553, 529, 609, 735
723, 0.665196, -0.746668, 862, -1, -1, 14, 683, 556, 740, 637, 581, 773, 584, 602, 677, 564, 624, 780, 723, 798
710, 0.68252, -0.730867, 862, -1, -1, 6, 704, 531, 656, 710, 674, 252
735, 0.628571, -0.777752, 862, -1, -1, 15, 594, 777, 630, 792, 550, 622, 761, 653, 599, 586, 775, 573, 529, 609, 735
543, 0.769665, -0.638448, 862, -1, -1, 9, 745, 619, 751, 690, 800, 543, 510, 192, 216
503, 0.31571, -0.948856, 862, -1, -1, 9, 596, 786, 616, 604, 541, 728, 736, 692, 503
674, 0.683375, -0.730067, 862, -1, -1, 6, 704, 531, 656, 710, 674, 252
685, 0.828179, -0.560464, 862, -1, -1, 6, 574, 685, 245, 177, 61, 410
782, 0.887062, -0.461651, 862, -1, -1, 8, 782, 362, 301, 31, 186, 156, 268, 392
611, 0.711844, -0.702337, 862, -1, -1, 14, 708, 607, 671, 542, 707, 680, 613, 770, 784, 611, 699, 557, 654, 151
699, 0.712976, -0.701188, 862, -1, -1, 14, 708, 607, 671, 542, 707, 680, 613, 770, 784, 611, 699, 557, 654, 151
510, 0.777349, -0.629069, 862, -1, -1, 9, 745, 619, 751, 543, 510, 561, 192, 81, 199
798, 0.669344, -0.742953, 862, -1, -1, 10, 683, 740, 637, 581, 773, 584, 624, 780, 723, 798
561, 0.77981, -0.626016, 862, -1, -1, 7, 745, 619, 510, 561, 192, 81, 199
557, 0.712292, -0.701883, 862, -1, -1, 14, 708, 607, 671, 542, 707, 680, 613, 770, 784, 611, 699, 557, 654, 151
654, 0.715165, -0.698956, 862, -1, -1, 15, 708, 608, 607, 671, 542, 707, 680, 613, 770, 784, 611, 699, 557, 654, 151
355, 0.750837, -0.660488, 862, -1, -1, 10, 714, 715, 547, 355, 418, 318, 166, 262, 236, 87
223, 0.843059, -0.537821, 862, -1, -1, 9, 574, 223, 350, 289, 19, 370, 83, 285, 165
133, 0.646066, -0.763282, 862, 0, 3, 17, 668, 556, 785, 525, 761, 718, 706, 545, 589, 606, 677, 587, 720, 564, 703, 621, 133
250, 0.895363, -0.445337, 862, -1, -1, 8, 250, 362, 109, 294, 31, 190, 340, 137
147, 0.997634, -0.0687438, 862, 0, 4, 19, 147, 84, 215, 227, 349, 419, 238, 116, 388, 52, 91, 335, 72, 201, 180, 305, 13, 239, 117
269, 0.95811, 0.286402, 862, -1, -1, 6, 269, 320, 59, 106, 266, 306
2, 0.998608, 0.052736, 862, -1, -1, 15, 2, 154, 353, 103, 279, 127, 167, 378, 219, 265, 200, 373, 237, 36, 141
125, 0.808959, 0.587866, 862, -1, -1, 2, 125, 195
28, 0.969776, 0.243996, 862, -1, -1, 6, 28, 134, 213, 329, 168, 198
170, 0.945565, -0.325432, 862, -1, -1, 10, 170, 33, 235, 276, 403, 118, 339, 131, 171, 324
179, 0.910399, -0.413731, 862, -1, -1, 8, 179, 210, 217, 243, 326, 253, 348, 138
193, 0.917009, 0.398866, 862, -1, -1, 3, 193, 293, 58
344, 0.978539, -0.206062, 862, -1, -1, 15, 344, 203, 74, 145, 328, 79, 297, 366, 274, 292, 314, 299, 376, 234, 69
246, 0.930793, -0.365546, 862, -1, -1, 10, 246, 282, 23, 309, 384, 86, 334, 347, 343, 136
402, 0.995124, 0.0986308, 862, -1, -1, 12, 402, 153, 369, 98, 278, 229, 414, 240, 10, 56, 307, 341
313, 0.878778, -0.477231, 862, -1, -1, 7, 313, 186, 45, 399, 287, 149, 156
418, 0.747204, -0.664595, 862, -1, -1, 8, 714, 715, 547, 355, 418, 318, 262, 236
111, 0.951771, 0.30681, 862, -1, -1, 8, 111, 257, 358, 315, 371, 320, 106, 406
257, 0.9514, 0.307957, 862, -1, -1, 8, 111, 257, 358, 315, 371, 320, 106, 406
88, 0.757188, 0.653197, 862, -1, -1, 1, 88
267, 0.995195, -0.0979167, 862, 0, 4, 18, 267, 205, 100, 95, 130, 311, 12, 411, 11, 275, 197, 113, 211, 99, 16, 207, 336, 89
55, 0.92398, -0.38244, 862, -1, -1, 5, 55, 23, 309, 384, 86
205, 0.995409, -0.0957179, 862, 0, 4, 17, 267, 205, 284, 100, 95, 130, 311, 12, 411, 275, 113, 211, 99, 16, 207, 336, 89
220, 0.929744, 0.368206, 862, -1, -1, 6, 220, 96, 35, 323, 379, 325
33, 0.944077, -0.329725, 862, -1, -1, 13, 170, 33, 235, 255, 276, 403, 118, 131, 171, 324, 214, 212, 93
195, 0.810967, 0.585092, 862, -1, -1, 2, 125, 195
202, 0.906639, 0.421907, 862, -1, -1, 4, 202, 188, 144, 27
407, 0.991701, 0.128565, 862, -1, -1, 14, 407, 413, 228, 132, 53, 140, 208, 146, 158, 17, 82, 54, 283, 68
271, 0.665684, 0.746234, 862, -1, -1, 1, 271
389, 0.999426, -0.0338735, 862, -1, -1, 14, 389, 121, 248, 135, 381, 161, 64, 300, 317, 386, 345, 185, 218, 387
361, 0.794723, -0.606972, 862, -1, -1, 9, 631, 530, 649, 657, 361, 360, 290, 398, 78
210, 0.90956, -0.415573, 862, -1, -1, 8, 179, 210, 217, 243, 326, 253, 348, 138
350, 0.84312, -0.537726, 862, -1, -1, 9, 574, 223, 350, 289, 19, 370, 83, 285, 165
362, 0.889028, -0.457853, 862, -1, -1, 9, 782, 250, 362, 301, 31, 156, 268, 340, 392
289, 0.844968, -0.534817, 862, -1, -1, 8, 223, 350, 289, 19, 370, 83, 285, 165
84, 0.996731, -0.0807903, 862, 1, 4, 21, 147, 84, 284, 100, 215, 95, 349, 311, 419, 116, 388, 275, 113, 211, 72, 180, 99, 13, 239, 16, 207
164, 0.993452, 0.114247, 862, -1, -1, 13, 164, 98, 278, 413, 414, 240, 140, 208, 17, 82, 307, 68, 341
284, 0.99648, -0.0838309, 862, 1, 4, 21, 205, 84, 284, 100, 215, 95, 311, 419, 116, 411, 388, 275, 113, 211, 72, 180, 99, 13, 239, 16, 207
3, 0.862752, -0.505628, 862, -1, -1, 10, 3, 174, 364, 342, 288, 80, 281, 63, 7, 412
360, 0.798194, -0.6024, 862, -1, -1, 9, 631, 530, 649, 657, 361, 360, 290, 398, 78
134, 0.971954, 0.235171, 862, -1, -1, 11, 28, 134, 66, 308, 405, 194, 397, 213, 329, 175, 198
29, 0.999984, -0.00558334, 862, -1, -1, 7, 29, 37, 338, 354, 143, 298, 330
100, 0.996462, -0.0840452, 862, 1, 4, 21, 267, 205, 84, 284, 100, 215, 95, 311, 419, 411, 388, 275, 113, 211, 72, 180, 99, 13, 239, 16, 207
420, 0.937955, 0.346758, 862, -1, -1, 6, 420, 41, 368, 323, 101, 102
41, 0.937031, 0.349247, 862, -1, -1, 6, 420, 41, 368, 323, 101, 102
235, 0.947669, -0.319254, 862, -1, -1, 11, 170, 33, 235, 276, 403, 118, 148, 339, 131, 171, 324
368, 0.939028, 0.343839, 862, -1, -1, 5, 420, 41, 368, 101, 102
280, 0.96761, -0.252448, 862, 0, 5, 19, 280, 47, 359, 115, 254, 119, 365, 189, 400, 196, 322, 191, 258, 261, 128, 225, 383, 26, 73
120, 0.896945, 0.442142, 862, -1, -1, 5, 120, 188, 385, 394, 15
390, 0.962159, -0.272489, 862, 0, 5, 19, 390, 48, 359, 244, 374, 50, 43, 5, 189, 302, 249, 312, 128, 51, 26, 367, 226, 209, 94
37, 1, 0.000167905, 862, -1, -1, 9, 29, 37, 39, 338, 143, 380, 298, 46, 108
66, 0.973435, 0.228962, 862, -1, -1, 11, 134, 66, 308, 71, 405, 194, 397, 213, 175, 4, 198
215, 0.996685, -0.0813558, 862, 1, 4, 21, 147, 84, 284, 100, 215, 95, 349, 311, 419, 116, 388, 275, 113, 211, 72, 180, 99, 13, 239, 16, 207
230, 0.99344, -0.114358, 862, -1, -1, 13, 230, 130, 12, 310, 11, 256, 206, 197, 57, 42, 393, 336, 89
47, 0.966029, -0.258434, 862, 1, 5, 20, 280, 47, 359, 50, 254, 119, 365, 5, 189, 400, 196, 322, 191, 312, 128, 225, 383, 26, 367, 73
48, 0.961365, -0.275278, 862, 0, 5, 17, 390, 48, 244, 374, 50, 43, 5, 189, 302, 249, 312, 128, 51, 367, 226, 209, 94
255, 0.939816, -0.341681, 862, -1, -1, 7, 655, 33, 255, 214, 347, 212, 93
95, 0.995546, -0.0942765, 862, 1, 4, 20, 267, 205, 84, 284, 100, 215, 95, 130, 311, 411, 275, 113, 211, 180, 99, 239, 16, 207, 336, 89
96, 0.925678, 0.378313, 862, -1, -1, 5, 220, 96, 293, 35, 325
153, 0.995743, 0.0921772, 862, -1, -1, 13, 402, 153, 369, 327, 123, 278, 229, 414, 10, 14, 56, 307, 341
286, 0.69507, -0.718942, 862, -1, -1, 3, 656, 286, 252
417, 0.983, -0.183608, 862, -1, -1, 14, 417, 79, 224, 8, 92, 314, 242, 304, 391, 173, 331, 70, 76, 69
109, 0.901201, -0.433401, 862, -1, -1, 7, 250, 109, 294, 190, 67, 231, 137
369, 0.995003, 0.0998407, 862, -1, -1, 11, 402, 153, 369, 98, 278, 229, 414, 240, 56, 307, 341
188, 0.901756, 0.432245, 862, -1, -1, 8, 202, 120, 188, 385, 394, 15, 144, 27
39, 0.999961, 0.00886464, 862, -1, -1, 12, 37, 39, 143, 380, 298, 46, 108, 104, 181, 303, 295, 18
294, 0.900252, -0.43537, 862, -1, -1, 7, 250, 109, 294, 190, 67, 231, 137
139, 0.882693, 0.46995, 862, -1, -1, 5, 139, 260, 49, 337, 32
385, 0.897923, 0.440153, 862, -1, -1, 6, 120, 188, 385, 394, 15, 144
338, 0.999944, -0.0106209, 862, -1, -1, 8, 29, 37, 338, 354, 143, 298, 330, 185
24, 0.985905, 0.167306, 862, -1, -1, 6, 24, 34, 270, 264, 204, 351
308, 0.973689, 0.227883, 862, -1, -1, 10, 134, 66, 308, 71, 405, 194, 397, 175, 4, 198
151, 0.717249, -0.696817, 862, -1, -1, 13, 708, 608, 607, 542, 707, 613, 770, 784, 611, 699, 557, 654, 151
154, 0.998133, 0.0610775, 862, -1, -1, 14, 2, 154, 103, 279, 372, 127, 167, 38, 219, 265, 176, 200, 36, 141
121, 0.999297, -0.0374845, 862, -1, -1, 16, 389, 121, 248, 263, 135, 381, 184, 161, 64, 300, 317, 386, 345, 218, 25, 387
290, 0.795506, -0.605945, 862, -1, -1, 9, 631, 530, 649, 657, 361, 360, 290, 398, 78
192, 0.776371, -0.630276, 862, -1, -1, 8, 745, 619, 751, 543, 510, 561, 192, 81
359, 0.965388, -0.260818, 862, 1, 5, 21, 280, 390, 47, 359, 50, 254, 119, 365, 5, 189, 400, 196, 322, 302, 191, 312, 128, 225, 26, 367, 73
382, 0.989418, -0.145094, 862, -1, -1, 17, 382, 375, 163, 273, 90, 409, 169, 395, 162, 316, 187, 159, 126, 404, 40, 75, 129
227, 0.998065, -0.0621836, 862, 0, 4, 15, 147, 227, 349, 263, 238, 116, 388, 184, 52, 91, 335, 72, 201, 305, 117
174, 0.860841, -0.508873, 862, -1, -1, 10, 3, 174, 342, 288, 80, 281, 0, 63, 7, 412
364, 0.869516, -0.493906, 862, -1, -1, 10, 3, 364, 342, 288, 80, 160, 399, 44, 287, 377
247, 0.853791, 0.520616, 862, -1, -1, 2, 247, 77
222, 0.999734, 0.0230541, 862, -1, -1, 14, 222, 380, 259, 150, 46, 21, 104, 181, 363, 303, 295, 18, 183, 97
244, 0.959555, -0.281523, 862, 0, 5, 18, 390, 48, 244, 374, 50, 43, 5, 302, 249, 352, 312, 356, 22, 51, 226, 333, 209, 94
115, 0.969607, -0.24467, 862, 1, 5, 20, 280, 115, 254, 119, 291, 365, 152, 396, 400, 322, 60, 105, 191, 258, 261, 225, 277, 383, 319, 73
217, 0.909392, -0.41594, 862, -1, -1, 8, 179, 210, 217, 243, 326, 253, 348, 138
85, 0.974335, -0.225102, 862, 0, 5, 18, 85, 408, 297, 291, 152, 396, 357, 232, 274, 60, 105, 9, 221, 299, 277, 296, 110, 319
260, 0.886925, 0.461914, 862, -1, -1, 5, 139, 260, 337, 62, 32
71, 0.975539, 0.219825, 862, -1, -1, 10, 66, 308, 71, 405, 194, 397, 233, 157, 175, 4
342, 0.863198, -0.504866, 862, -1, -1, 11, 3, 174, 364, 342, 288, 80, 281, 63, 44, 7, 412
301, 0.886581, -0.462574, 862, -1, -1, 8, 782, 362, 301, 31, 186, 156, 268, 392
98, 0.993972, 0.10963, 862, -1, -1, 14, 402, 164, 369, 98, 278, 229, 414, 240, 208, 17, 82, 307, 68, 341
31, 0.89063, -0.45473, 862, -1, -1, 8, 782, 250, 362, 301, 31, 268, 340, 392
349, 0.997617, -0.0689997, 862, 0, 4, 19, 147, 84, 215, 227, 349, 419, 238, 116, 388, 52, 91, 335, 72, 201, 180, 305, 13, 239, 117
130, 0.994368, -0.105981, 862, 0, 4, 15, 267, 205, 230, 95, 130, 12, 310, 411, 11, 256, 197, 207, 393, 336, 89
248, 0.998911, -0.0466492, 862, -1, -1, 16, 389, 121, 248, 263, 381, 184, 317, 386, 52, 91, 345, 201, 305, 218, 25, 387
263, 0.998747, -0.0500461, 862, -1, -1, 16, 121, 227, 248, 263, 381, 184, 386, 52, 91, 345, 201, 305, 218, 117, 25, 387
142, 0.680695, 0.732567, 862, -1, -1, 1, 142
203, 0.97792, -0.208979, 862, -1, -1, 16, 344, 203, 74, 145, 328, 297, 366, 357, 274, 9, 292, 299, 376, 110, 234, 69
252, 0.688033, -0.72568, 862, -1, -1, 7, 704, 531, 656, 710, 674, 286, 252
311, 0.996131, -0.0878797, 862, 0, 4, 19, 267, 205, 84, 284, 100, 215, 95, 311, 419, 411, 275, 113, 211, 180, 99, 13, 239, 16, 207
405, 0.973528, 0.228569, 862, -1, -1, 11, 134, 66, 308, 71, 405, 194, 397, 213, 175, 4, 198
375, 0.989985, -0.141169, 862, -1, -1, 14, 382, 375, 163, 273, 90, 409, 162, 316, 187, 159, 404, 40, 75, 129
408, 0.97331, -0.229494, 862, 0, 5, 18, 85, 408, 297, 291, 152, 396, 357, 232, 274, 60, 105, 9, 221, 299, 277, 296, 110, 319
12, 0.994043, -0.108989, 862, -1, -1, 13, 267, 205, 230, 130, 12, 310, 411, 11, 256, 197, 393, 336, 89
354, 0.999851, -0.0172336, 862, -1, -1, 7, 29, 338, 354, 135, 64, 330, 185
419, 0.996781, -0.0801758, 862, 1, 4, 20, 147, 84, 284, 100, 215, 349, 311, 419, 116, 388, 275, 113, 211, 72, 180, 99, 13, 239, 16, 207
186, 0.882428, -0.470448, 862, -1, -1, 9, 782, 313, 301, 186, 45, 149, 156, 268, 392
238, 0.997844, -0.0656302, 862, 0, 4, 14, 147, 227, 349, 238, 116, 388, 52, 91, 335, 72, 201, 305, 13, 117
34, 0.986546, 0.163482, 862, -1, -1, 6, 24, 34, 270, 264, 30, 204
74, 0.97943, -0.201784, 862, -1, -1, 15, 344, 203, 74, 145, 328, 79, 366, 292, 92, 314, 242, 376, 76, 234, 69
318, 0.745217, -0.666822, 862, -1, -1, 9, 714, 715, 563, 547, 355, 418, 318, 262, 236
310, 0.992953, -0.118507, 862, -1, -1, 15, 230, 130, 12, 310, 163, 11, 256, 206, 197, 57, 42, 393, 336, 89, 129
116, 0.997551, -0.0699368, 862, 0, 4, 19, 147, 84, 284, 215, 227, 349, 419, 238, 116, 388, 52, 91, 335, 72, 201, 180, 13, 239, 117
293, 0.921776, 0.387722, 862, -1, -1, 4, 193, 96, 293, 35
135, 0.999542, -0.0302546, 862, -1, -1, 12, 389, 121, 354, 135, 381, 161, 64, 300, 317, 386, 185, 218
327, 0.996884, 0.0788752, 862, -1, -1, 10, 153, 327, 123, 372, 10, 38, 14, 56, 265, 176
145, 0.978614, -0.205705, 862, -1, -1, 15, 344, 203, 74, 145, 328, 79, 297, 366, 274, 292, 314, 299, 376, 234, 69
411, 0.995299, -0.0968484, 862, 0, 4, 18, 267, 205, 284, 100, 95, 130, 311, 12, 411, 275, 197, 113, 211, 99, 16, 207, 336, 89
374, 0.959371, -0.282146, 862, 0, 5, 17, 390, 48, 244, 374, 50, 43, 5, 302, 249, 352, 356, 22, 51, 226, 333, 209, 94
50, 0.96255, -0.271103, 862, 1, 5, 21, 390, 47, 48, 359, 244, 374, 50, 43, 5, 189, 196, 302, 249, 312, 128, 51, 26, 367, 226, 209, 94
123, 0.996927, 0.078332, 862, -1, -1, 10, 153, 327, 123, 372, 10, 38, 14, 56, 265, 176
254, 0.96748, -0.252948, 862, 0, 5, 19, 280, 47, 359, 115, 254, 119, 365, 189, 400, 196, 322, 191, 258, 261, 128, 225, 383, 26, 73
216, 0.765936, -0.642917, 862, -1, -1, 8, 619, 751, 690, 800, 543, 216, 166, 87
288, 0.867647, -0.49718, 862, -1, -1, 10, 3, 174, 364, 342, 288, 80, 160, 44, 287, 377
241, 0.980138, 0.198319, 862, -1, -1, 6, 241, 416, 157, 65, 155, 122
43, 0.959234, -0.282614, 862, 0, 5, 17, 390, 48, 244, 374, 50, 43, 5, 302, 249, 352, 356, 22, 51, 226, 333, 209, 94
163, 0.991342, -0.131304, 862, -1, -1, 15, 382, 375, 310, 163, 90, 409, 256, 206, 57, 162, 42, 316, 393, 75, 129
353, 0.999044, 0.0437048, 862, -1, -1, 12, 2, 353, 279, 127, 259, 167, 378, 219, 373, 237, 36, 141
328, 0.979301, -0.20241, 862, -1, -1, 15, 344, 203, 74, 145, 328, 79, 366, 292, 92, 314, 242, 376, 76, 234, 69
278, 0.994865, 0.10121, 862, -1, -1, 12, 402, 164, 153, 369, 98, 278, 229, 414, 240, 56, 307, 341
19, 0.842046, -0.539405, 862, -1, -1, 9, 574, 223, 350, 289, 19, 370, 83, 285, 165
103, 0.998254, 0.059073, 862, -1, -1, 13, 2, 154, 103, 279, 372, 127, 167, 219, 265, 176, 200, 36, 141
413, 0.991766, 0.128063, 862, -1, -1, 15, 407, 164, 413, 228, 132, 53, 140, 208, 146, 158, 17, 82, 54, 283, 68
79, 0.981125, -0.193374, 862, -1, -1, 16, 344, 417, 74, 145, 328, 79, 224, 292, 92, 314, 242, 304, 376, 70, 76, 69
282, 0.932925, -0.360072, 862, -1, -1, 9, 655, 246, 282, 23, 86, 334, 347, 343, 136
273, 0.989164, -0.146815, 862, -1, -1, 16, 382, 375, 273, 90, 409, 169, 395, 162, 124, 316, 187, 159, 126, 404, 40, 75
394, 0.897259, 0.441504, 862, -1, -1, 5, 120, 188, 385, 394, 15
228, 0.991373, 0.131069, 862, -1, -1, 13, 407, 413, 228, 132, 53, 140, 146, 158, 17, 82, 54, 283, 68
388, 0.997524, -0.0703212, 862, 1, 4, 20, 147, 84, 284, 100, 215, 227, 349, 419, 238, 116, 388, 52, 335, 72, 201, 180, 99, 13, 239, 117
80, 0.867668, -0.497144, 862, -1, -1, 10, 3, 174, 364, 342, 288, 80, 160, 44, 287, 377
119, 0.968672, -0.248344, 862, 1, 5, 21, 280, 47, 359, 115, 254, 119, 291, 365, 400, 196, 322, 60, 105, 191, 258, 261, 225, 383, 26, 319, 73
416, 0.979263, 0.202593, 862, -1, -1, 7, 241, 416, 233, 157, 65, 155, 122
381, 0.99905, -0.0435736, 862, -1, -1, 18, 389, 121, 248, 263, 135, 381, 184, 161, 64, 300, 317, 386, 91, 345, 305, 218, 25, 387
270, 0.986013, 0.166668, 862, -1, -1, 7, 24, 34, 270, 264, 30, 204, 351
245, 0.825191, -0.564854, 862, -1, -1, 5, 685, 245, 177, 61, 410
132, 0.989893, 0.141819, 862, -1, -1, 10, 407, 413, 228, 132, 53, 146, 158, 30, 54, 283
35, 0.925505, 0.378735, 862, -1, -1, 5, 220, 96, 293, 35, 325
358, 0.953914, 0.300081, 862, -1, -1, 8, 111, 257, 358, 315, 371, 320, 106, 406
264, 0.985332, 0.170648, 862, -1, -1, 6, 24, 34, 270, 264, 204, 351
315, 0.953447, 0.301561, 862, -1, -1, 8, 111, 257, 358, 315, 371, 320, 106, 406
297, 0.975695, -0.219133, 862, 0, 5, 17, 344, 85, 203, 408, 145, 297, 366, 357, 232, 274, 9, 221, 299, 376, 296, 110, 234
276, 0.945125, -0.326709, 862, -1, -1, 11, 170, 33, 235, 276, 403, 118, 131, 171, 324, 214, 212
403, 0.948275, -0.31745, 862, -1, -1, 11, 170, 33, 235, 276, 403, 118, 148, 339, 131, 171, 324
166, 0.759511, -0.650494, 862, -1, -1, 8, 751, 690, 800, 355, 216, 166, 236, 87
291, 0.971793, -0.235836, 862, 1, 5, 20, 115, 85, 408, 119, 291, 152, 396, 232, 60, 105, 9, 221, 258, 261, 225, 277, 383, 296, 319, 73
366, 0.977974, -0.208726, 862, -1, -1, 16, 344, 203, 74, 145, 328, 297, 366, 357, 274, 9, 292, 299, 376, 110, 234, 69
160, 0.871679, -0.490076, 862, -1, -1, 9, 364, 288, 80, 160, 45, 399, 44, 287, 377
11, 0.993741, -0.111708, 862, -1, -1, 13, 267, 230, 130, 12, 310, 11, 256, 206, 197, 57, 393, 336, 89
90, 0.990677, -0.136229, 862, -1, -1, 14, 382, 375, 163, 273, 90, 409, 206, 57, 162, 42, 316, 40, 75, 129
365, 0.966749, -0.255728, 862, 1, 5, 21, 280, 47, 359, 115, 254, 119, 365, 189, 400, 196, 322, 191, 312, 258, 261, 128, 225, 383, 26, 367, 73
81, 0.782474, -0.622683, 862, -1, -1, 8, 745, 657, 510, 561, 192, 81, 199, 78
184, 0.998756, -0.0498622, 862, -1, -1, 16, 121, 227, 248, 263, 381, 184, 386, 52, 91, 345, 201, 305, 218, 117, 25, 387
152, 0.972166, -0.234293, 862, 0, 5, 19, 115, 85, 408, 291, 152, 396, 357, 232, 60, 105, 9, 221, 258, 261, 277, 383, 296, 319, 73
279, 0.998889, 0.0471332, 862, -1, -1, 15, 2, 154, 353, 103, 279, 127, 259, 167, 378, 219, 200, 373, 237, 36, 141
23, 0.929283, -0.369369, 862, -1, -1, 10, 246, 55, 282, 23, 309, 384, 86, 334, 343, 136
396, 0.97246, -0.233069, 862, 0, 5, 19, 115, 85, 408, 291, 152, 396, 357, 232, 60, 105, 9, 221, 258, 261, 277, 383, 296, 110, 319
177, 0.822647, -0.568553, 862, -1, -1, 6, 603, 685, 245, 177, 61, 332
224, 0.983518, -0.180812, 862, -1, -1, 15, 417, 79, 224, 8, 92, 314, 242, 304, 391, 173, 331, 172, 70, 76, 114
5, 0.962334, -0.271869, 862, 1, 5, 21, 390, 47, 48, 359, 244, 374, 50, 43, 5, 189, 196, 302, 249, 312, 128, 51, 26, 367, 226, 209, 94
281, 0.858332, -0.513096, 862, -1, -1, 8, 3, 174, 342, 281, 0, 63, 7, 412
0, 0.854752, -0.519037, 862, -1, -1, 7, 174, 281, 0, 63, 83, 7, 412
53, 0.990023, 0.140909, 862, -1, -1, 10, 407, 413, 228, 132, 53, 146, 158, 30, 54, 283
190, 0.901334, -0.433124, 862, -1, -1, 7, 250, 109, 294, 190, 67, 231, 137
189, 0.964627, -0.263618, 862, 1, 5, 21, 280, 390, 47, 48, 359, 50, 254, 365, 5, 189, 400, 196, 322, 302, 191, 312, 128, 51, 26, 367, 94
357, 0.975304, -0.220868, 862, 0, 5, 17, 85, 203, 408, 297, 366, 152, 396, 357, 232, 274, 9, 221, 299, 277, 296, 110, 234
161, 0.999478, -0.0322933, 862, -1, -1, 12, 389, 121, 135, 381, 161, 64, 300, 317, 386, 185, 218, 387
409, 0.990256, -0.139256, 862, -1, -1, 14, 382, 375, 163, 273, 90, 409, 162, 42, 316, 187, 404, 40, 75, 129
243, 0.90783, -0.419339, 862, -1, -1, 8, 179, 210, 217, 243, 67, 231, 326, 348
256, 0.992973, -0.118342, 862, -1, -1, 15, 230, 130, 12, 310, 163, 11, 256, 206, 197, 57, 42, 393, 336, 89, 129
143, 1, -0.000368591, 862, -1, -1, 8, 29, 37, 39, 338, 143, 298, 46, 108
262, 0.748267, -0.663398, 862, -1, -1, 8, 714, 715, 547, 355, 418, 318, 262, 236
372, 0.99734, 0.0728851, 862, -1, -1, 11, 154, 327, 123, 103, 372, 10, 38, 14, 265, 176, 200
64, 0.999521, -0.0309575, 862, -1, -1, 12, 389, 121, 354, 135, 381, 161, 64, 300, 317, 386, 185, 218
229, 0.995224, 0.0976131, 862, -1, -1, 12, 402, 153, 369, 98, 278, 229, 414, 240, 10, 56, 307, 341
309, 0.926641, -0.375947, 862, -1, -1, 8, 246, 55, 23, 309, 384, 86, 334, 136
414, 0.994861, 0.101248, 862, -1, -1, 12, 402, 164, 153, 369, 98, 278, 229, 414, 240, 56, 307, 341
169, 0.987682, -0.156476, 862, -1, -1, 13, 382, 273, 169, 395, 172, 124, 187, 159, 112, 126, 114, 404, 40
240, 0.993997, 0.109406, 862, -1, -1, 14, 402, 164, 369, 98, 278, 229, 414, 240, 208, 17, 82, 307, 68, 341
20, 0.953846, -0.300297, 862, -1, -1, 11, 20, 148, 107, 339, 352, 356, 22, 182, 346, 272, 333
199, 0.785804, -0.618476, 862, -1, -1, 7, 631, 657, 510, 561, 81, 199, 78
380, 0.999901, 0.0140677, 862, -1, -1, 16, 37, 39, 222, 380, 150, 298, 46, 21, 108, 104, 181, 363, 303, 295, 18, 183
395, 0.987527, -0.15745, 862, -1, -1, 13, 382, 273, 169, 395, 172, 124, 187, 159, 112, 126, 114, 404, 40
398, 0.79578, -0.605585, 862, -1, -1, 9, 631, 530, 649, 657, 361, 360, 290, 398, 78
127, 0.998703, 0.0509098, 862, -1, -1, 14, 2, 154, 353, 103, 279, 127, 167, 378, 219, 200, 373, 237, 36, 141
140, 0.992151, 0.125043, 862, -1, -1, 12, 407, 164, 413, 228, 140, 208, 146, 158, 17, 82, 283, 68
371, 0.950909, 0.30947, 862, -1, -1, 8, 111, 257, 358, 315, 371, 320, 106, 406
10, 0.996389, 0.0849043, 862, -1, -1, 10, 402, 153, 327, 123, 372, 229, 10, 38, 14, 56
300, 0.999489, -0.0319621, 862, -1, -1, 11, 389, 121, 135, 381, 161, 64, 300, 317, 386, 185, 218
320, 0.954162, 0.299292, 862, -1, -1, 9, 269, 111, 257, 358, 315, 371, 320, 106, 406
63, 0.858766, -0.512367, 862, -1, -1, 8, 3, 174, 342, 281, 0, 63, 7, 412
400, 0.967039, -0.254629, 862, 1, 5, 20, 280, 47, 359, 115, 254, 119, 365, 189, 400, 196, 322, 191, 258, 261, 128, 225, 383, 26, 367, 73
59, 0.958978, 0.283481, 862, -1, -1, 4, 269, 59, 266, 306
259, 0.999393, 0.0348423, 862, -1, -1, 14, 222, 353, 279, 259, 167, 150, 21, 378, 104, 363, 373, 237, 183, 97
15, 0.897767, 0.440471, 862, -1, -1, 5, 120, 188, 385, 394, 15
167, 0.998851, 0.0479253, 862, -1, -1, 15, 2, 154, 353, 103, 279, 127, 259, 167, 378, 219, 200, 373, 237, 36, 141
150, 0.999664, 0.025922, 862, -1, -1, 14, 222, 380, 259, 150, 21, 104, 181, 363, 303, 295, 237, 18, 183, 97
106, 0.954257, 0.298989, 862, -1, -1, 9, 269, 111, 257, 358, 315, 371, 320, 106, 406
208, 0.993156, 0.116793, 862, -1, -1, 12, 407, 164, 98, 413, 240, 140, 208, 17, 82, 283, 68, 341
321, 0.946415, 0.322952, 862, -1, -1, 2, 321, 401
232, 0.97314, -0.230214, 862, 1, 5, 20, 85, 408, 297, 291, 152, 396, 357, 232, 274, 60, 105, 9, 221, 299, 258, 261, 277, 296, 110, 319
194, 0.973595, 0.228281, 862, -1, -1, 11, 134, 66, 308, 71, 405, 194, 397, 213, 175, 4, 198
45, 0.87764, -0.47932, 862, -1, -1, 9, 313, 186, 160, 45, 399, 287, 149, 156, 377
196, 0.966029, -0.258433, 862, 1, 5, 20, 280, 47, 359, 50, 254, 119, 365, 5, 189, 400, 196, 322, 191, 312, 128, 225, 383, 26, 367, 73
298, 0.999998, 0.00191987, 862, -1, -1, 10, 29, 37, 39, 338, 143, 380, 298, 46, 108, 181
146, 0.990964, 0.134126, 862, -1, -1, 11, 407, 413, 228, 132, 53, 140, 146, 158, 17, 54, 283
158, 0.990976, 0.134041, 862, -1, -1, 11, 407, 413, 228, 132, 53, 140, 146, 158, 17, 54, 283
397, 0.973745, 0.22764, 862, -1, -1, 10, 134, 66, 308, 71, 405, 194, 397, 175, 4, 198
236, 0.752099, -0.65905, 862, -1, -1, 9, 714, 715, 355, 418, 318, 166, 262, 236, 87
17, 0.992497, 0.122272, 862, -1, -1, 14, 407, 164, 98, 413, 228, 240, 140, 208, 146, 158, 17, 82, 283, 68
274, 0.975757, -0.218855, 862, 0, 5, 17, 344, 85, 203, 408, 145, 297, 366, 357, 232, 274, 9, 221, 299, 376, 296, 110, 234
322, 0.966822, -0.255451, 862, 1, 5, 21, 280, 47, 359, 115, 254, 119, 365, 189, 400, 196, 322, 191, 312, 258, 261, 128, 225, 383, 26, 367, 73
323, 0.933432, 0.358756, 862, -1, -1, 6, 220, 420, 41, 323, 379, 325
302, 0.96211, -0.272662, 862, 0, 5, 19, 390, 48, 359, 244, 374, 50, 43, 5, 189, 302, 249, 312, 128, 51, 26, 367, 226, 209, 94
213, 0.970354, 0.241688, 862, -1, -1, 9, 28, 134, 66, 405, 194, 213, 329, 175, 198
249, 0.960611, -0.277898, 862, 0, 5, 18, 390, 48, 244, 374, 50, 43, 5, 302, 249, 352, 312, 356, 51, 367, 226, 333, 209, 94
38, 0.997283, 0.0736617, 862, -1, -1, 10, 154, 327, 123, 372, 10, 38, 14, 265, 176, 200
317, 0.999444, -0.0333336, 862, -1, -1, 14, 389, 121, 248, 135, 381, 161, 64, 300, 317, 386, 345, 185, 218, 387
8, 0.983855, -0.178967, 862, -1, -1, 13, 417, 224, 8, 92, 242, 304, 391, 173, 331, 172, 70, 76, 114
49, 0.877032, 0.480431, 862, -1, -1, 2, 139, 49
401, 0.944357, 0.328923, 862, -1, -1, 4, 321, 401, 101, 102
61, 0.827629, -0.561275, 862, -1, -1, 5, 685, 245, 177, 61, 410
101, 0.940443, 0.339953, 862, -1, -1, 6, 420, 41, 368, 401, 101, 102
82, 0.992837, 0.119473, 862, -1, -1, 12, 407, 164, 98, 413, 228, 240, 140, 208, 17, 82, 283, 68
67, 0.902204, -0.43131, 862, -1, -1, 7, 109, 294, 190, 243, 67, 231, 137
337, 0.8876, 0.460615, 862, -1, -1, 5, 139, 260, 337, 62, 32
118, 0.945732, -0.324947, 862, -1, -1, 10, 170, 33, 235, 276, 403, 118, 339, 131, 171, 324
329, 0.969527, 0.244986, 862, -1, -1, 6, 28, 134, 213, 329, 168, 198
233, 0.976911, 0.213648, 862, -1, -1, 8, 71, 416, 233, 157, 4, 65, 155, 122
60, 0.971567, -0.236765, 862, 0, 5, 19, 115, 85, 408, 119, 291, 152, 396, 232, 60, 105, 221, 258, 261, 225, 277, 383, 296, 319, 73
399, 0.875254, -0.483664, 862, -1, -1, 9, 313, 364, 160, 45, 399, 44, 287, 149, 377
105, 0.971169, -0.238393, 862, 0, 5, 19, 115, 85, 408, 119, 291, 152, 396, 232, 60, 105, 191, 258, 261, 225, 277, 383, 296, 319, 73
379, 0.930939, 0.365174, 862, -1, -1, 4, 220, 323, 379, 325
386, 0.999286, -0.0377808, 862, -1, -1, 16, 389, 121, 248, 263, 135, 381, 184, 161, 64, 300, 317, 386, 345, 218, 25, 387
44, 0.869934, -0.493168, 862, -1, -1, 9, 364, 342, 288, 80, 160, 399, 44, 287, 377
206, 0.99225, -0.124255, 862, -1, -1, 13, 230, 310, 163, 11, 90, 256, 206, 197, 57, 162, 42, 393, 129
46, 0.99994, 0.0109278, 862, -1, -1, 14, 37, 39, 222, 143, 380, 298, 46, 21, 108, 104, 181, 303, 295, 18
9, 0.974927, -0.222527, 862, 0, 5, 19, 85, 203, 408, 297, 291, 366, 152, 396, 357, 232, 274, 9, 221, 299, 277, 296, 110, 319, 234
148, 0.951772, -0.306805, 862, -1, -1, 11, 235, 403, 20, 148, 107, 339, 131, 22, 182, 346, 272
52, 0.998174, -0.0604098, 862, 0, 4, 19, 147, 227, 349, 248, 263, 238, 116, 388, 184, 52, 91, 345, 335, 72, 201, 305, 117, 25, 387
191, 0.967724, -0.252013, 862, 1, 5, 20, 280, 47, 359, 115, 254, 119, 365, 189, 400, 196, 322, 105, 191, 258, 261, 128, 225, 383, 26, 73
231, 0.902986, -0.42967, 862, -1, -1, 7, 109, 294, 190, 243, 67, 231, 137
330, 0.999875, -0.0158406, 862, -1, -1, 5, 29, 338, 354, 330, 185
107, 0.9542, -0.29917, 862, -1, -1, 10, 20, 148, 107, 352, 356, 22, 182, 346, 272, 333
339, 0.949722, -0.313095, 862, -1, -1, 10, 170, 235, 403, 20, 118, 148, 339, 131, 324, 272
91, 0.998438, -0.0558752, 862, -1, -1, 19, 147, 227, 349, 248, 263, 238, 116, 381, 184, 52, 91, 345, 335, 201, 305, 218, 117, 25, 387
287, 0.873458, -0.486899, 862, -1, -1, 11, 313, 364, 288, 80, 160, 45, 399, 44, 287, 149, 377
292, 0.979163, -0.203075, 862, -1, -1, 15, 344, 203, 74, 145, 328, 79, 366, 292, 92, 314, 242, 376, 76, 234, 69
92, 0.981849, -0.189666, 862, -1, -1, 15, 417, 74, 328, 79, 224, 8, 292, 92, 314, 242, 304, 331, 70, 76, 69
345, 0.998916, -0.0465555, 862, -1, -1, 16, 389, 121, 248, 263, 381, 184, 317, 386, 52, 91, 345, 201, 305, 218, 25, 387
157, 0.978193, 0.207697, 862, -1, -1, 9, 71, 241, 416, 233, 157, 4, 65, 155, 122
149, 0.879005, -0.476812, 862, -1, -1, 7, 313, 186, 45, 399, 287, 149, 156
370, 0.838614, -0.544726, 862, -1, -1, 9, 574, 223, 350, 289, 19, 370, 410, 285, 165
14, 0.996794, 0.0800124, 862, -1, -1, 9, 153, 327, 123, 372, 10, 38, 14, 56, 176
21, 0.999695, 0.0247155, 862, -1, -1, 14, 222, 380, 259, 150, 46, 21, 104, 181, 363, 303, 295, 18, 183, 97
275, 0.996251, -0.0865099, 862, 0, 4, 19, 267, 205, 84, 284, 100, 215, 95, 311, 419, 411, 275, 113, 211, 180, 99, 13, 239, 16, 207
62, 0.890343, 0.455291, 862, -1, -1, 4, 260, 337, 62, 32
131, 0.947371, -0.320139, 862, -1, -1, 11, 170, 33, 235, 276, 403, 118, 148, 339, 131, 171, 324
175, 0.973434, 0.228969, 862, -1, -1, 11, 134, 66, 308, 71, 405, 194, 397, 213, 175, 4, 198
168, 0.966711, 0.255869, 862, -1, -1, 4, 28, 329, 168, 1
415, 0.864844, 0.502041, 862, -1, -1, 1, 415
197, 0.993902, -0.110269, 862, -1, -1, 14, 267, 230, 130, 12, 310, 411, 11, 256, 206, 197, 57, 393, 336, 89
56, 0.995884, 0.0906372, 862, -1, -1, 13, 402, 153, 369, 327, 123, 278, 229, 414, 10, 14, 56, 307, 341
314, 0.981109, -0.193457, 862, -1, -1, 16, 344, 417, 74, 145, 328, 79, 224, 292, 92, 314, 242, 304, 376, 70, 76, 69
221, 0.974744, -0.223324, 862, 0, 5, 18, 85, 408, 297, 291, 152, 396, 357, 232, 274, 60, 9, 221, 299, 277, 296, 110, 319, 234
171, 0.945061, -0.326894, 862, -1, -1, 11, 170, 33, 235, 276, 403, 118, 131, 171, 324, 214, 212
352, 0.956835, -0.290633, 862, -1, -1, 15, 244, 374, 43, 20, 249, 107, 352, 356, 22, 182, 346, 272, 226, 333, 209
77, 0.846856, 0.531822, 862, -1, -1, 2, 247, 77
83, 0.849209, -0.528056, 862, -1, -1, 8, 223, 350, 289, 19, 0, 83, 285, 165
299, 0.976191, -0.216912, 862, 0, 5, 17, 344, 85, 203, 408, 145, 297, 366, 357, 232, 274, 9, 221, 299, 376, 296, 110, 234
242, 0.981441, -0.191765, 862, -1, -1, 14, 417, 74, 328, 79, 224, 8, 292, 92, 314, 242, 304, 70, 76, 69
156, 0.882761, -0.469823, 862, -1, -1, 10, 782, 313, 362, 301, 186, 45, 149, 156, 268, 392
113, 0.995859, -0.0909144, 862, 1, 4, 20, 267, 205, 84, 284, 100, 215, 95, 311, 419, 411, 275, 113, 211, 180, 99, 13, 239, 16, 207, 89
108, 0.999962, 0.00874129, 862, -1, -1, 12, 37, 39, 143, 380, 298, 46, 108, 104, 181, 303, 295, 18
312, 0.963323, -0.268346, 862, 0, 5, 19, 390, 47, 48, 359, 244, 50, 365, 5, 189, 196, 322, 302, 249, 312, 128, 51, 26, 367, 94
384, 0.927179, -0.374619, 862, -1, -1, 8, 246, 55, 23, 309, 384, 86, 334, 136
356, 0.956727, -0.290986, 862, -1, -1, 15, 244, 374, 43, 20, 249, 107, 352, 356, 22, 182, 346, 272, 226, 333, 209
378, 0.999055, 0.0434594, 862, -1, -1, 12, 2, 353, 279, 127, 259, 167, 378, 219, 373, 237, 36, 141
326, 0.912337, -0.40944, 862, -1, -1, 10, 179, 210, 217, 243, 326, 251, 253, 178, 348, 138
304, 0.983621, -0.180249, 862, -1, -1, 15, 417, 79, 224, 8, 92, 314, 242, 304, 391, 173, 331, 172, 70, 76, 114
219, 0.998427, 0.0560675, 862, -1, -1, 14, 2, 154, 353, 103, 279, 127, 167, 378, 219, 265, 176, 200, 36, 141
391, 0.985061, -0.172206, 862, -1, -1, 13, 417, 224, 8, 304, 391, 173, 331, 172, 124, 70, 112, 126, 114
144, 0.903985, 0.427565, 862, -1, -1, 5, 202, 188, 385, 144, 27
4, 0.976022, 0.217673, 862, -1, -1, 11, 66, 308, 71, 405, 194, 397, 233, 157, 175, 4, 155
173, 0.985002, -0.172542, 862, -1, -1, 12, 417, 224, 8, 304, 391, 173, 331, 172, 124, 70, 112, 114
268, 0.888308, -0.459248, 862, -1, -1, 9, 782, 362, 301, 31, 186, 156, 268, 340, 392
340, 0.893509, -0.449046, 862, -1, -1, 7, 250, 362, 31, 268, 340, 137, 392
265, 0.997838, 0.06572, 862, -1, -1, 13, 2, 154, 327, 123, 103, 372, 38, 219, 265, 176, 200, 36, 141
258, 0.969967, -0.243235, 862, 1, 5, 21, 280, 115, 254, 119, 291, 365, 152, 396, 400, 232, 322, 60, 105, 191, 258, 261, 225, 277, 383, 319, 73
261, 0.969943, -0.243331, 862, 1, 5, 21, 280, 115, 254, 119, 291, 365, 152, 396, 400, 232, 322, 60, 105, 191, 258, 261, 225, 277, 383, 319, 73
57, 0.992257, -0.124201, 862, -1, -1, 13, 230, 310, 163, 11, 90, 256, 206, 197, 57, 162, 42, 393, 129
332, 0.816812, -0.576903, 862, -1, -1, 3, 603, 177, 332
251, 0.916628, -0.399741, 862, -1, -1, 6, 326, 251, 253, 178, 348, 138
253, 0.914391, -0.404832, 862, -1, -1, 9, 179, 210, 217, 326, 251, 253, 178, 348, 138
185, 0.999729, -0.0233005, 862, -1, -1, 10, 389, 338, 354, 135, 161, 64, 300, 317, 330, 185
211, 0.995794, -0.0916158, 862, 1, 4, 20, 267, 205, 84, 284, 100, 215, 95, 311, 419, 411, 275, 113, 211, 180, 99, 13, 239, 16, 207, 89
331, 0.984211, -0.177001, 862, -1, -1, 12, 417, 224, 8, 92, 304, 391, 173, 331, 172, 70, 112, 114
104, 0.99977, 0.0214297, 862, -1, -1, 16, 39, 222, 380, 259, 150, 46, 21, 108, 104, 181, 363, 303, 295, 18, 183, 97
172, 0.985946, -0.167064, 862, -1, -1, 14, 224, 169, 395, 8, 304, 391, 173, 331, 172, 124, 159, 112, 126, 114
335, 0.997917, -0.0645151, 862, 0, 4, 13, 147, 227, 349, 238, 116, 388, 52, 91, 335, 72, 201, 305, 117
78, 0.790991, -0.611828, 862, -1, -1, 11, 631, 530, 649, 657, 361, 360, 290, 81, 199, 398, 78
86, 0.928974, -0.370144, 862, -1, -1, 10, 246, 55, 282, 23, 309, 384, 86, 334, 343, 136
128, 0.964663, -0.263488, 862, 1, 5, 21, 280, 390, 47, 48, 359, 50, 254, 365, 5, 189, 400, 196, 322, 302, 191, 312, 128, 51, 26, 367, 94
22, 0.955716, -0.294289, 862, -1, -1, 15, 244, 374, 43, 20, 148, 107, 352, 356, 22, 182, 346, 272, 226, 333, 209
51, 0.961436, -0.275028, 862, 0, 5, 17, 390, 48, 244, 374, 50, 43, 5, 189, 302, 249, 312, 128, 51, 367, 226, 209, 94
137, 0.897294, -0.441433, 862, -1, -1, 8, 250, 109, 294, 190, 67, 231, 340, 137
87, 0.757824, -0.652459, 862, -1, -1, 6, 690, 355, 216, 166, 236, 87
334, 0.930347, -0.36668, 862, -1, -1, 9, 246, 282, 23, 309, 384, 86, 334, 343, 136
176, 0.997572, 0.0696465, 862, -1, -1, 12, 154, 327, 123, 103, 372, 38, 14, 219, 265, 176, 200, 141
324, 0.946937, -0.32142, 862, -1, -1, 10, 170, 33, 235, 276, 403, 118, 339, 131, 171, 324
225, 0.968375, -0.2495, 862, 1, 5, 21, 280, 47, 359, 115, 254, 119, 291, 365, 400, 196, 322, 60, 105, 191, 258, 261, 225, 383, 26, 319, 73
72, 0.9974, -0.0720602, 862, 1, 4, 20, 147, 84, 284, 100, 215, 227, 349, 419, 238, 116, 388, 52, 335, 72, 201, 180, 99, 13, 239, 117
201, 0.99825, -0.0591295, 862, 0, 4, 19, 147, 227, 349, 248, 263, 238, 116, 388, 184, 52, 91, 345, 335, 72, 201, 305, 117, 25, 387
377, 0.871072, -0.491155, 862, -1, -1, 9, 364, 288, 80, 160, 45, 399, 44, 287, 377
178, 0.91713, -0.398589, 862, -1, -1, 6, 326, 251, 253, 178, 348, 138
102, 0.94068, 0.339294, 862, -1, -1, 6, 420, 41, 368, 401, 101, 102
181, 0.999871, 0.016038, 862, -1, -1, 16, 39, 222, 380, 150, 298, 46, 21, 108, 104, 181, 363, 303, 295, 18, 183, 97
277, 0.97249, -0.232944, 862, 0, 5, 19, 115, 85, 408, 291, 152, 396, 357, 232, 60, 105, 9, 221, 258, 261, 277, 383, 296, 110, 319
180, 0.996775, -0.080245, 862, 1, 4, 21, 147, 84, 284, 100, 215, 95, 349, 311, 419, 116, 388, 275, 113, 211, 72, 180, 99, 13, 239, 16, 207
363, 0.999609, 0.0279765, 862, -1, -1, 15, 222, 380, 259, 150, 21, 104, 181, 363, 303, 295, 373, 237, 18, 183, 97
214, 0.940602, -0.339511, 862, -1, -1, 8, 655, 33, 255, 276, 171, 214, 212, 93
347, 0.935625, -0.352995, 862, -1, -1, 7, 655, 246, 255, 282, 347, 343, 93
162, 0.990483, -0.137636, 862, -1, -1, 14, 382, 375, 163, 273, 90, 409, 206, 57, 162, 42, 316, 40, 75, 129
182, 0.954501, -0.298208, 862, -1, -1, 10, 20, 148, 107, 352, 356, 22, 182, 346, 272, 333
383, 0.969143, -0.246499, 862, 1, 5, 23, 280, 47, 115, 254, 119, 291, 365, 152, 396, 400, 196, 322, 60, 105, 191, 258, 261, 225, 277, 383, 26, 319, 73
99, 0.996431, -0.0844116, 862, 1, 4, 21, 267, 205, 84, 284, 100, 215, 95, 311, 419, 411, 388, 275, 113, 211, 72, 180, 99, 13, 239, 16, 207
303, 0.9998, 0.019984, 862, -1, -1, 15, 39, 222, 380, 150, 46, 21, 108, 104, 181, 363, 303, 295, 18, 183, 97
200, 0.998135, 0.0610416, 862, -1, -1, 14, 2, 154, 103, 279, 372, 127, 167, 38, 219, 265, 176, 200, 36, 141
26, 0.965667, -0.259782, 862, 1, 5, 22, 280, 390, 47, 359, 50, 254, 119, 365, 5, 189, 400, 196, 322, 302, 191, 312, 128, 225, 383, 26, 367, 73
343, 0.932946, -0.360018, 862, -1, -1, 9, 655, 246, 282, 23, 86, 334, 347, 343, 136
305, 0.998447, -0.0557044, 862, -1, -1, 18, 147, 227, 349, 248, 263, 238, 381, 184, 52, 91, 345, 335, 201, 305, 218, 117, 25, 387
410, 0.833038, -0.553216, 862, -1, -1, 6, 574, 685, 245, 61, 370, 410
30, 0.988259, 0.152785, 862, -1, -1, 7, 34, 270, 132, 53, 30, 54, 204
218, 0.999025, -0.0441565, 862, -1, -1, 18, 389, 121, 248, 263, 135, 381, 184, 161, 64, 300, 317, 386, 91, 345, 305, 218, 25, 387
295, 0.999802, 0.0199016, 862, -1, -1, 15, 39, 222, 380, 150, 46, 21, 108, 104, 181, 363, 303, 295, 18, 183, 97
65, 0.979673, 0.200603, 862, -1, -1, 7, 241, 416, 233, 157, 65, 155, 122
376, 0.978601, -0.205765, 862, -1, -1, 15, 344, 203, 74, 145, 328, 79, 297, 366, 274, 292, 314, 299, 376, 234, 69
13, 0.996838, -0.0794578, 862, 1, 4, 21, 147, 84, 284, 100, 215, 349, 311, 419, 238, 116, 388, 275, 113, 211, 72, 180, 99, 13, 239, 16, 207
155, 0.978836, 0.204648, 862, -1, -1, 8, 241, 416, 233, 157, 4, 65, 155, 122
239, 0.99675, -0.0805526, 862, 1, 4, 21, 147, 84, 284, 100, 215, 95, 349, 311, 419, 116, 388, 275, 113, 211, 72, 180, 99, 13, 239, 16, 207
32, 0.888709, 0.458472, 862, -1, -1, 5, 139, 260, 337, 62, 32
285, 0.845237, -0.534392, 862, -1, -1, 8, 223, 350, 289, 19, 370, 83, 285, 165
124, 0.987013, -0.16064, 862, -1, -1, 13, 273, 169, 395, 391, 173, 172, 124, 187, 159, 112, 126, 114, 404
42, 0.991985, -0.126353, 862, -1, -1, 13, 230, 310, 163, 90, 409, 256, 206, 57, 162, 42, 393, 75, 129
27, 0.906693, 0.421791, 862, -1, -1, 4, 202, 188, 144, 27
373, 0.999189, 0.0402652, 862, -1, -1, 12, 2, 353, 279, 127, 259, 167, 378, 363, 373, 237, 36, 97
198, 0.971252, 0.238054, 862, -1, -1, 11, 28, 134, 66, 308, 405, 194, 397, 213, 329, 175, 198
237, 0.999229, 0.0392641, 862, -1, -1, 14, 2, 353, 279, 127, 259, 167, 150, 378, 363, 373, 237, 36, 183, 97
346, 0.95476, -0.297378, 862, -1, -1, 10, 20, 148, 107, 352, 356, 22, 182, 346, 272, 333
18, 0.999822, 0.0188883, 862, -1, -1, 15, 39, 222, 380, 150, 46, 21, 108, 104, 181, 363, 303, 295, 18, 183, 97
296, 0.974387, -0.224878, 862, 0, 5, 18, 85, 408, 297, 291, 152, 396, 357, 232, 274, 60, 105, 9, 221, 299, 277, 296, 110, 319
110, 0.97546, -0.220178, 862, 0, 5, 16, 85, 203, 408, 297, 366, 396, 357, 232, 274, 9, 221, 299, 277, 296, 110, 234
16, 0.996274, -0.0862463, 862, 0, 4, 19, 267, 205, 84, 284, 100, 215, 95, 311, 419, 411, 275, 113, 211, 180, 99, 13, 239, 16, 207
348, 0.911708, -0.410838, 862, -1, -1, 10, 179, 210, 217, 243, 326, 251, 253, 178, 348, 138
54, 0.990159, 0.139946, 862, -1, -1, 10, 407, 413, 228, 132, 53, 146, 158, 30, 54, 283
138, 0.914906, -0.403666, 862, -1, -1, 9, 179, 210, 217, 326, 251, 253, 178, 348, 138
165, 0.845841, -0.533436, 862, -1, -1, 8, 223, 350, 289, 19, 370, 83, 285, 165
6, 0.830793, 0.556581, 862, -1, -1, 1, 6
204, 0.987209, 0.159432, 862, -1, -1, 6, 24, 34, 270, 264, 30, 204
117, 0.997956, -0.063907, 862, 0, 4, 15, 147, 227, 349, 263, 238, 116, 388, 184, 52, 91, 335, 72, 201, 305, 117
70, 0.982799, -0.184677, 862, -1, -1, 14, 417, 79, 224, 8, 92, 314, 242, 304, 391, 173, 331, 70, 76, 69
272, 0.95343, -0.301613, 862, -1, -1, 11, 20, 148, 107, 339, 352, 356, 22, 182, 346, 272, 333
392, 0.88859, -0.458702, 862, -1, -1, 9, 782, 362, 301, 31, 186, 156, 268, 340, 392
316, 0.990068, -0.140592, 862, -1, -1, 14, 382, 375, 163, 273, 90, 409, 162, 316, 187, 159, 404, 40, 75, 129
58, 0.913784, 0.406201, 862, -1, -1, 2, 193, 58
283, 0.991537, 0.129827, 862, -1, -1, 14, 407, 413, 228, 132, 53, 140, 208, 146, 158, 17, 82, 54, 283, 68
136, 0.930496, -0.366301, 862, -1, -1, 9, 246, 282, 23, 309, 384, 86, 334, 343, 136
367, 0.96355, -0.26753, 862, 0, 5, 19, 390, 47, 48, 359, 50, 365, 5, 189, 400, 196, 322, 302, 249, 312, 128, 51, 26, 367, 94
212, 0.940531, -0.339708, 862, -1, -1, 8, 655, 33, 255, 276, 171, 214, 212, 93
36, 0.998638, 0.0521699, 862, -1, -1, 15, 2, 154, 353, 103, 279, 127, 167, 378, 219, 265, 200, 373, 237, 36, 141
207, 0.995651, -0.0931607, 862, 1, 4, 21, 267, 205, 84, 284, 100, 215, 95, 130, 311, 419, 411, 275, 113, 211, 180, 99, 13, 239, 16, 207, 89
7, 0.860451, -0.509534, 862, -1, -1, 8, 3, 174, 342, 281, 0, 63, 7, 412
393, 0.992782, -0.119934, 862, -1, -1, 14, 230, 130, 12, 310, 163, 11, 256, 206, 197, 57, 42, 393, 336, 129
183, 0.999678, 0.0253825, 862, -1, -1, 14, 222, 380, 259, 150, 21, 104, 181, 363, 303, 295, 237, 18, 183, 97
307, 0.994733, 0.102502, 862, -1, -1, 12, 402, 164, 153, 369, 98, 278, 229, 414, 240, 56, 307, 341
187, 0.988384, -0.151979, 862, -1, -1, 15, 382, 375, 273, 409, 169, 395, 124, 316, 187, 159, 112, 126, 404, 40, 75
406, 0.951037, 0.309076, 862, -1, -1, 8, 111, 257, 358, 315, 371, 320, 106, 406
122, 0.979528, 0.201308, 862, -1, -1, 7, 241, 416, 233, 157, 65, 155, 122
76, 0.981599, -0.190955, 862, -1, -1, 14, 417, 74, 328, 79, 224, 8, 292, 92, 314, 242, 304, 70, 76, 69
266, 0.96003, 0.279897, 862, -1, -1, 4, 269, 59, 266, 306
25, 0.998845, -0.04804, 862, -1, -1, 14, 121, 248, 263, 381, 184, 386, 52, 91, 345, 201, 305, 218, 25, 387
159, 0.988062, -0.154054, 862, -1, -1, 14, 382, 375, 273, 169, 395, 172, 124, 316, 187, 159, 112, 126, 404, 40
226, 0.959059, -0.283207, 862, 0, 5, 17, 390, 48, 244, 374, 50, 43, 5, 302, 249, 352, 356, 22, 51, 226, 333, 209, 94
112, 0.986307, -0.164917, 862, -1, -1, 13, 169, 395, 391, 173, 331, 172, 124, 187, 159, 112, 126, 114, 404
126, 0.987365, -0.158465, 862, -1, -1, 14, 382, 273, 169, 395, 391, 172, 124, 187, 159, 112, 126, 114, 404, 40
351, 0.983731, 0.179646, 862, -1, -1, 4, 24, 270, 264, 351
93, 0.939577, -0.342339, 862, -1, -1, 7, 655, 33, 255, 214, 347, 212, 93
306, 0.959294, 0.282408, 862, -1, -1, 4, 269, 59, 266, 306
114, 0.985667, -0.168703, 862, -1, -1, 13, 224, 169, 395, 8, 304, 391, 173, 331, 172, 124, 112, 126, 114
412, 0.859784, -0.510659, 862, -1, -1, 8, 3, 174, 342, 281, 0, 63, 7, 412
404, 0.988301, -0.152514, 862, -1, -1, 14, 382, 375, 273, 409, 169, 395, 124, 316, 187, 159, 112, 126, 404, 40
333, 0.956782, -0.290807, 862, -1, -1, 15, 244, 374, 43, 20, 249, 107, 352, 356, 22, 182, 346, 272, 226, 333, 209
319, 0.971752, -0.236003, 862, 1, 5, 20, 115, 85, 408, 119, 291, 152, 396, 232, 60, 105, 9, 221, 258, 261, 225, 277, 383, 296, 319, 73
325, 0.92989, 0.367837, 862, -1, -1, 6, 220, 96, 35, 323, 379, 325
234, 0.977698, -0.210014, 862, -1, -1, 17, 344, 203, 74, 145, 328, 297, 366, 357, 274, 9, 292, 221, 299, 376, 110, 234, 69
73, 0.968787, -0.247893, 862, 1, 5, 22, 280, 47, 359, 115, 254, 119, 291, 365, 152, 400, 196, 322, 60, 105, 191, 258, 261, 225, 383, 26, 319, 73
336, 0.994138, -0.10812, 862, 0, 4, 14, 267, 205, 230, 95, 130, 12, 310, 411, 11, 256, 197, 393, 336, 89
209, 0.959239, -0.282596, 862, 0, 5, 17, 390, 48, 244, 374, 50, 43, 5, 302, 249, 352, 356, 22, 51, 226, 333, 209, 94
97, 0.999576, 0.0291153, 862, -1, -1, 14, 222, 259, 150, 21, 104, 181, 363, 303, 295, 373, 237, 18, 183, 97
387, 0.998928, -0.0463005, 862, -1, -1, 17, 389, 121, 248, 263, 381, 184, 161, 317, 386, 52, 91, 345, 201, 305, 218, 25, 387
1, 0.965789, 0.259331, 862, -1, -1, 2, 168, 1
89, 0.994485, -0.104875, 862, 0, 4, 16, 267, 205, 230, 95, 130, 12, 310, 411, 11, 256, 197, 113, 211, 207, 336, 89
94, 0.96132, -0.275435, 862, 0, 5, 17, 390, 48, 244, 374, 50, 43, 5, 189, 302, 249, 312, 128, 51, 367, 226, 209, 94
40, 0.989243, -0.146284, 862, -1, -1, 15, 382, 375, 273, 90, 409, 169, 395, 162, 316, 187, 159, 126, 404, 40, 75
75, 0.990387, -0.138321, 862, -1, -1, 13, 382, 375, 163, 273, 90, 409, 162, 42, 316, 187, 40, 75, 129
68, 0.993069, 0.117529, 862, -1, -1, 12, 407, 164, 98, 413, 228, 240, 140, 208, 17, 82, 283, 68
141, 0.998392, 0.0566861, 862, -1, -1, 14, 2, 154, 353, 103, 279, 127, 167, 378, 219, 265, 176, 200, 36, 141
341, 0.994684, 0.102976, 862, -1, -1, 13, 402, 164, 153, 369, 98, 278, 229, 414, 240, 208, 56, 307, 341
129, 0.991316, -0.131504, 862, -1, -1, 15, 382, 375, 310, 163, 90, 409, 256, 206, 57, 162, 42, 316, 393, 75, 129
69, 0.980451, -0.196763, 862, -1, -1, 17, 344, 417, 203, 74, 145, 328, 79, 366, 292, 92, 314, 242, 376, 70, 76, 234, 69
