id, coordinates..., calculationCount, type, class, |N_eps|, N_eps...
807, -19.9513, 4.06984, 862, -1, -1, 3, 807, 813, 832
813, -19.5579, 3.83885, 862, -1, -1, 3, 807, 813, 832
831, -18.8363, 5.43552, 862, -1, -1, 3, 831, 834, 812
856, -15.7176, 4.1029, 862, -1, -1, 3, 856, 816, 802
834, -15.2687, 4.30488, 862, -1, -1, 4, 831, 834, 816, 812
821, -15.1824, 3.39505, 862, -1, -1, 2, 821, 832
805, -15.084, 5.19574, 862, -1, -1, 6, 805, 829, 809, 848, 844, 835
816, -14.2163, 3.83789, 862, -1, -1, 5, 856, 834, 816, 802, 812
829, -13.8611, 4.74968, 862, -1, -1, 6, 805, 829, 809, 848, 844, 835
833, -13.8096, 2.47418, 862, -1, -1, 1, 833
801, -13.5318, 6.37833, 862, -1, -1, 1, 801
809, -13.2589, 4.40509, 862, -1, -1, 5, 805, 829, 809, 848, 844
848, -12.5029, 4.26209, 862, -1, -1, 6, 805, 829, 809, 848, 844, 835
847, -12.2149, 6.14093, 862, -1, -1, 2, 847, 862
853, -11.8923, 7.05415, 862, -1, -1, 3, 853, 825, 843
854, -11.8033, 6.37915, 862, -1, -1, 5, 854, 839, 841, 817, 815
810, -11.5181, 4.36585, 862, -1, -1, 2, 810, 814
819, -11.4548, 4.64217, 862, -1, -1, 2, 819, 822
844, -11.2718, 3.87489, 862, -1, -1, 6, 805, 829, 809, 848, 844, 835
814, -11.1509, 4.25806, 862, -1, -1, 2, 810, 814
802, -11.0555, 2.90378, 862, -1, -1, 3, 856, 816, 802
812, -10.7958, 3.05957, 862, -1, -1, 4, 831, 834, 816, 812
858, -10.7203, 4.62694, 862, -1, -1, 4, 858, 822, 830, 851
832, -10.6961, 2.25277, 862, -1, -1, 4, 807, 813, 821, 832
839, -10.4292, 5.51328, 862, -1, -1, 5, 854, 839, 862, 817, 815
822, -10.235, 4.29091, 862, -1, -1, 5, 819, 858, 822, 830, 851
811, -9.85899, 5.56925, 862, -1, -1, 3, 811, 855, 841
830, -9.66087, 4.20187, 862, -1, -1, 4, 858, 822, 830, 851
835, -9.63216, 3.40978, 862, -1, -1, 5, 805, 829, 848, 844, 835
825, -9.57437, 5.77969, 862, -1, -1, 5, 853, 825, 843, 838, 826
851, -9.50254, 4.0705, 862, -1, -1, 4, 858, 822, 830, 851
820, -9.23026, 5.88801, 862, -1, -1, 1, 820
855, -8.57279, 4.80497, 862, -1, -1, 3, 811, 855, 841
843, -8.30549, 5.06214, 862, -1, -1, 5, 853, 825, 843, 838, 826
838, -8.11955, 4.99155, 862, -1, -1, 4, 825, 843, 838, 826
841, -8.11853, 4.52904, 862, -1, -1, 5, 854, 811, 855, 841, 815
862, -7.83976, 4.00496, 862, -1, -1, 4, 847, 839, 862, 817
469, -7.38306, -8.90546, 862, -1, -1, 1, 469
500, -7.35457, -8.31818, 862, -1, -1, 2, 500, 433
860, -7.3279, 4.97756, 862, -1, -1, 1, 860
846, -7.32285, 5.21627, 862, -1, -1, 1, 846
433, -7.15286, -8.12764, 862, -1, -1, 2, 500, 433
817, -6.49925, 3.39987, 862, -1, -1, 5, 854, 839, 862, 817, 815
836, -6.3834, 5.82125, 862, -1, -1, 1, 836
481, -6.28716, -9.40896, 862, -1, -1, 3, 481, 464, 479
804, -6.23629, 5.29508, 862, -1, -1, 3, 804, 806, 823
815, -5.98952, 3.23207, 862, -1, -1, 5, 854, 839, 841, 817, 815
826, -5.9636, 3.67115, 862, -1, -1, 4, 825, 843, 838, 826
464, -5.41151, -8.20875, 862, -1, -1, 3, 481, 464, 479
434, -5.40413, -6.81369, 862, -1, -1, 1, 434
488, -4.8673, -8.44841, 862, -1, -1, 3, 488, 459, 429
491, -4.86123, -8.91695, 862, -1, -1, 4, 491, 459, 467, 485
459, -4.72903, -8.47944, 862, -1, -1, 6, 488, 491, 459, 467, 485, 429
852, -4.65152, 5.39878, 862, -1, -1, 4, 852, 840, 850, 857
837, -4.56679, 6.71054, 862, -1, -1, 1, 837
467, -4.55837, -8.26833, 862, -1, -1, 5, 491, 459, 467, 485, 429
806, -4.51065, 3.82566, 862, -1, -1, 3, 804, 806, 823
437, -4.33958, -9.07219, 862, -1, -1, 1, 437
485, -4.31074, -7.883, 862, -1, -1, 5, 491, 459, 467, 485, 429
823, -4.25222, 3.5346, 862, -1, -1, 3, 804, 806, 823
466, -4.21253, -6.99418, 862, -1, -1, 1, 466
429, -4.17171, -7.38458, 862, -1, -1, 5, 488, 459, 467, 485, 429
479, -4.16437, -6.14999, 862, -1, -1, 3, 481, 464, 479
803, -3.80796, 3.72751, 862, -1, -1, 1, 803
454, -3.77416, -8.37832, 862, -1, -1, 1, 454
849, -3.74018, 4.89175, 862, -1, -1, 2, 849, 824
827, -3.64773, 6.2509, 862, -1, -1, 1, 827
463, -3.615, -9.04501, 862, -1, -1, 4, 463, 449, 445, 458
840, -3.60597, 4.22049, 862, -1, -1, 4, 852, 840, 850, 857
824, -3.45078, 4.53012, 862, -1, -1, 2, 849, 824
449, -3.34839, -8.13635, 862, -1, -1, 4, 463, 449, 445, 458
422, -3.33126, -9.32081, 862, -1, -1, 6, 422, 441, 477, 443, 475, 476
445, -3.30938, -8.18816, 862, -1, -1, 4, 463, 449, 445, 458
480, -3.29051, -6.59251, 862, -1, -1, 1, 480
458, -3.19526, -8.0676, 862, -1, -1, 4, 463, 449, 445, 458
850, -3.0901, 3.64022, 862, -1, -1, 4, 852, 840, 850, 857
441, -3.06599, -8.75796, 862, -1, -1, 6, 422, 441, 477, 443, 475, 476
477, -2.9234, -8.38367, 862, -1, -1, 6, 422, 441, 477, 443, 475, 476
808, -2.8044, 2.8761, 862, -1, -1, 1, 808
443, -2.78689, -7.78198, 862, -1, -1, 6, 422, 441, 477, 443, 475, 476
475, -2.7779, -7.91361, 862, -1, -1, 6, 422, 441, 477, 443, 475, 476
452, -2.75921, -9.16343, 862, -1, -1, 3, 452, 473, 453
468, -2.71104, -8.14551, 862, -1, -1, 2, 468, 476
476, -2.61896, -7.63429, 862, -1, -1, 7, 422, 441, 477, 443, 475, 468, 476
436, -2.53255, -9.0516, 862, -1, -1, 4, 436, 453, 471, 456
460, -2.50142, -9.61158, 862, -1, -1, 6, 460, 501, 499, 471, 472, 462
473, -2.46106, -8.14433, 862, -1, -1, 3, 452, 473, 453
857, -2.44809, 2.90384, 862, -1, -1, 4, 852, 840, 850, 857
453, -2.39855, -8.27083, 862, -1, -1, 5, 452, 436, 473, 453, 456
501, -2.36389, -9.16131, 862, -1, -1, 6, 460, 501, 499, 471, 472, 462
425, -2.33708, -10.2321, 862, -1, -1, 7, 425, 505, 426, 502, 498, 497, 520
499, -2.24171, -8.63253, 862, -1, -1, 6, 460, 501, 499, 471, 472, 462
471, -2.22954, -8.38231, 862, -1, -1, 8, 436, 460, 501, 499, 471, 456, 472, 462
456, -2.20609, -7.95979, 862, -1, -1, 6, 436, 453, 471, 456, 472, 462
842, -2.20229, 4.12223, 862, -1, -1, 1, 842
472, -2.09866, -7.94323, 862, -1, -1, 7, 460, 501, 499, 471, 456, 472, 462
462, -2.08196, -7.87936, 862, -1, -1, 7, 460, 501, 499, 471, 456, 472, 462
505, -2.06188, -9.29259, 862, -1, -1, 6, 425, 505, 426, 502, 498, 497
478, -1.97118, -10.3381, 862, -1, -1, 4, 478, 450, 489, 461
861, -1.96973, 4.60647, 862, -1, -1, 1, 861
426, -1.95991, -9.15309, 862, -1, -1, 5, 425, 505, 426, 502, 497
502, -1.93266, -8.63241, 862, -1, -1, 7, 425, 505, 426, 502, 498, 497, 520
498, -1.88384, -7.98511, 862, -1, -1, 5, 425, 505, 502, 498, 520
497, -1.74665, -8.12746, 862, -1, -1, 5, 425, 505, 426, 502, 497
450, -1.72208, -8.84514, 862, -1, -1, 4, 478, 450, 489, 461
421, -1.6279, -9.4991, 862, -1, -1, 6, 421, 461, 435, 424, 465, 494
489, -1.6058, -8.21875, 862, -1, -1, 4, 478, 450, 489, 461
461, -1.57871, -8.61384, 862, -1, -1, 5, 478, 450, 421, 489, 461
435, -1.54573, -9.26024, 862, -1, -1, 6, 421, 435, 424, 465, 470, 494
424, -1.52932, -9.23123, 862, -1, -1, 6, 421, 435, 424, 465, 470, 494
439, -1.41021, -10.3718, 862, -1, -1, 5, 439, 430, 490, 432, 438
504, -1.40433, -9.29051, 862, -1, -1, 6, 504, 465, 470, 430, 494, 490
465, -1.31736, -7.99808, 862, -1, -1, 7, 421, 435, 424, 504, 465, 470, 494
470, -1.31014, -8.52979, 862, -1, -1, 7, 435, 424, 504, 465, 470, 430, 494
859, -1.23786, 6.78956, 862, -1, -1, 1, 859
430, -1.22018, -8.12729, 862, -1, -1, 6, 439, 504, 470, 430, 494, 490
494, -1.17335, -7.12968, 862, -1, -1, 8, 421, 435, 424, 504, 465, 470, 430, 494
490, -1.17164, -8.478, 862, -1, -1, 6, 439, 504, 430, 490, 432, 438
432, -1.08581, -8.74108, 862, -1, -1, 5, 439, 490, 432, 438, 629
438, -1.06225, -8.33049, 862, -1, -1, 5, 439, 490, 432, 438, 629
493, -0.933404, -8.76774, 862, -1, -1, 5, 493, 448, 455, 457, 629
448, -0.8711, -8.42486, 862, -1, -1, 4, 493, 448, 455, 457
455, -0.870924, -8.25419, 862, -1, -1, 5, 493, 448, 455, 457, 629
457, -0.861207, -8.75969, 862, -1, -1, 4, 493, 448, 455, 457
818, -0.75881, 5.27367, 862, -1, -1, 2, 818, 845
427, -0.717807, -8.75016, 862, -1, -1, 3, 427, 474, 451
474, -0.622194, -8.11598, 862, -1, -1, 3, 427, 474, 451
520, -0.583317, -2.45816, 862, -1, -1, 4, 425, 502, 498, 520
451, -0.565311, -8.16864, 862, -1, -1, 3, 427, 474, 451
444, -0.460238, -9.35851, 862, -1, -1, 2, 444, 492
845, -0.419459, 3.1626, 862, -1, -1, 2, 818, 845
492, -0.324991, -9.10579, 862, -1, -1, 3, 444, 492, 482
482, -0.261822, -9.1724, 862, -1, -1, 3, 492, 482, 572
629, -0.205114, -1.73946, 862, -1, -1, 5, 432, 438, 493, 455, 629
595, -0.0335039, -2.57627, 862, -1, -1, 3, 595, 447, 572
447, -0.0315366, -8.21888, 862, -1, -1, 8, 595, 447, 572, 554, 483, 768, 495, 428
572, -0.0263133, -1.64728, 862, -1, -1, 4, 482, 595, 447, 572
554, 0.00639228, -1.33905, 862, -1, -1, 7, 447, 554, 483, 768, 495, 428, 506
483, 0.0136452, -9.7662, 862, -1, -1, 7, 447, 554, 483, 768, 495, 428, 506
768, 0.0182375, -2.29248, 862, -1, -1, 7, 447, 554, 483, 768, 495, 428, 506
495, 0.0524916, -8.31587, 862, -1, -1, 7, 447, 554, 483, 768, 495, 428, 506
428, 0.0535042, -8.29094, 862, -1, -1, 7, 447, 554, 483, 768, 495, 428, 506
794, 0.12822, -2.6234, 862, -1, -1, 1, 794
506, 0.133719, -9.20182, 862, -1, -1, 7, 554, 483, 768, 495, 428, 506, 486
658, 0.144233, -2.28034, 862, -1, -1, 2, 658, 515
515, 0.172882, -2.62339, 862, -1, -1, 2, 658, 515
828, 0.185271, 4.40726, 862, -1, -1, 1, 828
486, 0.205044, -9.05698, 862, -1, -1, 2, 506, 486
766, 0.241627, -2.72437, 862, -1, -1, 3, 766, 634, 423
634, 0.24978, -3.11356, 862, -1, -1, 2, 766, 634
632, 0.280279, -1.12915, 862, -1, -1, 10, 632, 664, 539, 762, 756, 749, 644, 724, 767, 431
648, 0.337178, -2.61126, 862, -1, -1, 2, 648, 726
664, 0.351972, -1.49218, 862, -1, -1, 10, 632, 664, 539, 712, 676, 756, 749, 644, 724, 442
511, 0.376811, -2.2383, 862, -1, -1, 5, 511, 666, 570, 641, 484
666, 0.404989, -2.40649, 862, -1, -1, 5, 511, 666, 570, 641, 484
570, 0.423637, -2.60428, 862, -1, -1, 3, 511, 666, 570
726, 0.428432, -3.03518, 862, -1, -1, 2, 648, 726
539, 0.431647, -1.78456, 862, -1, -1, 10, 632, 664, 539, 712, 676, 756, 749, 644, 724, 431
612, 0.440756, -1.4883, 862, -1, -1, 10, 612, 691, 518, 744, 532, 670, 673, 643, 440, 496
641, 0.466438, -2.61476, 862, -1, -1, 5, 511, 666, 641, 678, 484
748, 0.466602, -2.24265, 862, -1, -1, 5, 748, 601, 752, 788, 446
716, 0.512671, -1.45896, 862, -1, -1, 5, 716, 786, 728, 736, 727
601, 0.531613, -2.72059, 862, -1, -1, 5, 748, 601, 678, 752, 484
762, 0.533205, -2.04337, 862, -1, -1, 10, 632, 762, 722, 749, 757, 644, 767, 548, 733, 431
615, 0.538328, -1.35979, 862, -1, -1, 11, 615, 667, 796, 569, 721, 519, 536, 741, 686, 753, 528
712, 0.539481, -2.35744, 862, -1, -1, 8, 664, 539, 712, 676, 756, 788, 724, 442
678, 0.543902, -2.95128, 862, -1, -1, 4, 641, 601, 678, 484
691, 0.570539, -1.85207, 862, -1, -1, 9, 612, 691, 518, 532, 670, 705, 604, 673, 643
676, 0.583768, -2.54882, 862, -1, -1, 8, 664, 539, 712, 676, 756, 788, 724, 442
756, 0.598886, -2.46325, 862, -1, -1, 10, 632, 664, 539, 712, 676, 756, 749, 644, 724, 431
555, 0.600632, -1.59828, 862, -1, -1, 8, 555, 759, 693, 614, 790, 519, 686, 753
752, 0.612476, -3.05779, 862, -1, -1, 4, 748, 601, 752, 446
722, 0.616498, -2.28118, 862, -1, -1, 8, 762, 722, 744, 757, 767, 548, 733, 440
518, 0.658072, -2.21627, 862, -1, -1, 10, 612, 691, 518, 744, 532, 670, 673, 643, 440, 496
744, 0.665054, -2.3584, 862, -1, -1, 10, 612, 722, 518, 744, 757, 548, 733, 670, 440, 496
788, 0.666637, -3.04293, 862, -1, -1, 6, 748, 712, 676, 788, 446, 442
749, 0.685053, -2.77839, 862, -1, -1, 10, 632, 664, 539, 762, 756, 749, 644, 724, 767, 431
596, 0.709055, -2.13779, 862, -1, -1, 9, 596, 786, 616, 604, 541, 728, 736, 692, 503
423, 0.715481, -7.29466, 862, -1, -1, 3, 766, 423, 487
757, 0.721932, -2.6978, 862, -1, -1, 8, 762, 722, 744, 757, 767, 548, 733, 431
786, 0.724803, -2.13416, 862, -1, -1, 10, 716, 596, 786, 616, 541, 728, 736, 727, 692, 503
594, 0.726808, -0.909845, 862, -1, -1, 16, 594, 777, 630, 758, 792, 550, 622, 653, 599, 586, 775, 573, 553, 529, 609, 735
644, 0.727176, -2.93276, 862, -1, -1, 10, 632, 664, 539, 762, 756, 749, 644, 724, 767, 431
724, 0.727801, -3.01337, 862, -1, -1, 10, 632, 664, 539, 712, 676, 756, 749, 644, 724, 431
767, 0.730911, -2.82618, 862, -1, -1, 10, 632, 762, 722, 749, 757, 644, 767, 548, 733, 431
759, 0.733697, -1.96656, 862, -1, -1, 8, 555, 759, 693, 614, 790, 519, 686, 753
548, 0.741921, -2.75752, 862, -1, -1, 8, 762, 722, 744, 757, 767, 548, 733, 431
514, 0.751903, -1.5617, 862, -1, -1, 16, 514, 628, 713, 799, 521, 675, 626, 591, 702, 701, 625, 610, 516, 739, 583, 765
733, 0.763122, -2.79978, 862, -1, -1, 9, 762, 722, 744, 757, 767, 548, 733, 440, 496
532, 0.791975, -2.55004, 862, -1, -1, 10, 612, 691, 518, 532, 670, 705, 604, 541, 673, 643
693, 0.80573, -2.15456, 862, -1, -1, 8, 555, 759, 693, 614, 790, 519, 686, 753
670, 0.808834, -2.72075, 862, -1, -1, 10, 612, 691, 518, 744, 532, 670, 673, 643, 440, 496
667, 0.81325, -2.05822, 862, -1, -1, 11, 615, 667, 796, 569, 721, 519, 536, 741, 686, 753, 528
614, 0.815188, -2.18725, 862, -1, -1, 8, 555, 759, 693, 614, 790, 519, 686, 753
668, 0.820983, -0.981, 862, 0, 3, 14, 668, 785, 525, 761, 718, 545, 599, 589, 573, 587, 720, 703, 621, 133
796, 0.826088, -2.03768, 862, -1, -1, 11, 615, 667, 796, 569, 738, 791, 721, 536, 741, 508, 528
616, 0.830873, -2.49938, 862, -1, -1, 9, 596, 786, 616, 604, 541, 728, 736, 692, 503
705, 0.831735, -2.65024, 862, -1, -1, 7, 691, 532, 705, 604, 541, 673, 643
777, 0.842853, -1.04275, 862, -1, -1, 15, 594, 777, 630, 792, 550, 622, 761, 653, 599, 586, 775, 573, 529, 609, 735
604, 0.845183, -2.66246, 862, -1, -1, 9, 691, 596, 532, 616, 705, 604, 541, 673, 503
541, 0.847288, -2.60519, 862, -1, -1, 11, 596, 786, 532, 616, 705, 604, 541, 728, 736, 692, 503
569, 0.873527, -2.16457, 862, -1, -1, 13, 615, 667, 796, 569, 738, 791, 721, 519, 536, 741, 508, 686, 528
580, 0.88811, -1.4092, 862, -1, -1, 16, 580, 635, 565, 592, 544, 650, 793, 538, 559, 698, 755, 771, 769, 652, 689, 562
789, 0.89545, -2.06445, 862, -1, -1, 12, 789, 659, 791, 588, 508, 651, 633, 772, 783, 731, 617, 732
628, 0.895779, -1.87751, 862, -1, -1, 17, 514, 628, 713, 799, 521, 675, 626, 591, 702, 701, 610, 647, 516, 665, 739, 583, 765
673, 0.90716, -2.93327, 862, -1, -1, 9, 612, 691, 518, 532, 670, 705, 604, 673, 643
738, 0.917748, -2.21518, 862, -1, -1, 9, 796, 569, 738, 791, 536, 741, 508, 528, 617
659, 0.929646, -2.09227, 862, -1, -1, 14, 789, 659, 687, 588, 651, 633, 774, 763, 513, 665, 772, 783, 731, 732
643, 0.933906, -3.12513, 862, -1, -1, 10, 612, 691, 518, 532, 670, 705, 673, 643, 440, 496
791, 0.935234, -2.23741, 862, -1, -1, 11, 796, 569, 789, 738, 791, 536, 741, 508, 651, 528, 617
790, 0.939947, -2.54951, 862, -1, -1, 6, 555, 759, 693, 614, 790, 753
713, 0.956062, -1.98366, 862, -1, -1, 16, 514, 628, 713, 799, 521, 675, 626, 591, 702, 701, 625, 610, 516, 739, 583, 765
799, 0.971365, -2.08513, 862, -1, -1, 15, 514, 628, 713, 799, 687, 626, 774, 701, 647, 763, 513, 516, 665, 732, 765
487, 0.973766, -9.34011, 862, -1, -1, 2, 423, 487
721, 0.983868, -2.47487, 862, -1, -1, 11, 615, 667, 796, 569, 721, 519, 536, 741, 686, 753, 528
519, 0.990025, -2.55084, 862, -1, -1, 13, 615, 555, 759, 693, 667, 614, 569, 721, 519, 536, 686, 753, 528
687, 0.996598, -2.19166, 862, -1, -1, 15, 659, 799, 687, 588, 774, 701, 647, 763, 513, 516, 665, 772, 783, 731, 732
551, 1.02447, -1.8809, 862, 0, 0, 16, 551, 764, 571, 679, 578, 585, 729, 577, 709, 568, 645, 512, 640, 682, 697, 747
521, 1.02492, -2.09661, 862, -1, -1, 14, 514, 628, 713, 521, 675, 781, 626, 591, 702, 625, 610, 739, 583, 765
760, 1.03743, -1.57515, 862, -1, -1, 10, 760, 635, 522, 620, 576, 694, 669, 652, 725, 562
728, 1.06296, -3.12271, 862, -1, -1, 10, 716, 596, 786, 616, 541, 728, 736, 727, 692, 503
764, 1.07812, -2.03144, 862, 0, 0, 19, 551, 764, 571, 679, 578, 585, 729, 577, 719, 709, 568, 512, 730, 640, 696, 682, 646, 509, 747
736, 1.08123, -3.19957, 862, -1, -1, 10, 716, 596, 786, 616, 541, 728, 736, 727, 692, 503
660, 1.09193, -1.52152, 862, 0, 1, 18, 660, 734, 638, 776, 700, 737, 523, 688, 663, 517, 582, 507, 795, 661, 566, 639, 717, 598
727, 1.09284, -3.12663, 862, -1, -1, 6, 716, 786, 728, 736, 727, 692
692, 1.0945, -3.2651, 862, -1, -1, 9, 596, 786, 616, 541, 728, 736, 727, 692, 503
754, 1.09859, -1.5926, 862, -1, -1, 10, 754, 522, 688, 582, 743, 661, 742, 598, 618, 642
588, 1.09998, -2.50505, 862, -1, -1, 13, 789, 659, 687, 588, 651, 633, 763, 513, 772, 783, 731, 617, 732
536, 1.10128, -2.73158, 862, -1, -1, 13, 615, 667, 796, 569, 738, 791, 721, 519, 536, 741, 508, 686, 528
741, 1.10266, -2.68404, 862, -1, -1, 12, 615, 667, 796, 569, 738, 791, 721, 536, 741, 508, 528, 617
675, 1.10531, -2.2377, 862, -1, -1, 16, 514, 628, 713, 521, 675, 781, 626, 591, 702, 546, 625, 610, 739, 534, 583, 765
533, 1.10852, -1.88345, 862, 0, 2, 19, 533, 560, 600, 695, 636, 684, 524, 797, 552, 672, 567, 537, 558, 662, 597, 681, 778, 779, 750
781, 1.11262, -2.20715, 862, -1, -1, 13, 521, 675, 781, 591, 702, 546, 625, 610, 739, 730, 534, 646, 583
626, 1.11842, -2.31686, 862, -1, -1, 16, 514, 628, 713, 799, 521, 675, 626, 591, 702, 701, 625, 610, 516, 739, 583, 765
535, 1.12775, -1.52368, 862, 0, 1, 15, 535, 734, 638, 776, 711, 737, 523, 590, 517, 507, 795, 566, 526, 627, 623
508, 1.14174, -2.73004, 862, -1, -1, 11, 796, 569, 789, 738, 791, 536, 741, 508, 651, 528, 617
591, 1.14377, -2.34806, 862, -1, -1, 15, 514, 628, 713, 521, 675, 781, 626, 591, 702, 625, 610, 516, 739, 583, 765
655, 1.14634, -0.424824, 862, -1, -1, 8, 655, 255, 282, 214, 347, 343, 212, 93
686, 1.15114, -2.96199, 862, -1, -1, 13, 615, 555, 759, 693, 667, 614, 569, 721, 519, 536, 686, 753, 528
571, 1.15121, -2.13678, 862, 1, 0, 20, 551, 764, 571, 679, 578, 585, 729, 577, 719, 709, 568, 645, 512, 640, 696, 682, 646, 697, 509, 747
651, 1.15665, -2.66125, 862, -1, -1, 12, 789, 659, 791, 588, 508, 651, 633, 772, 783, 731, 617, 732
633, 1.16215, -2.66692, 862, -1, -1, 10, 789, 659, 588, 651, 633, 772, 783, 731, 617, 732
679, 1.16686, -2.20022, 862, 0, 0, 19, 551, 764, 571, 679, 578, 585, 729, 577, 719, 709, 568, 512, 730, 640, 696, 682, 646, 509, 747
578, 1.17206, -2.15489, 862, 0, 0, 16, 551, 764, 571, 679, 578, 585, 729, 577, 709, 568, 645, 512, 640, 682, 697, 747
702, 1.18415, -2.4009, 862, -1, -1, 16, 514, 628, 713, 521, 675, 781, 626, 591, 702, 546, 625, 610, 739, 534, 583, 765
774, 1.18522, -2.59158, 862, -1, -1, 13, 659, 799, 687, 774, 701, 647, 763, 513, 516, 665, 783, 731, 732
585, 1.18783, -2.22015, 862, 1, 0, 20, 551, 764, 571, 679, 578, 585, 729, 577, 719, 709, 568, 645, 512, 730, 640, 696, 682, 646, 509, 747
546, 1.19822, -2.35286, 862, -1, -1, 12, 675, 781, 702, 546, 625, 719, 730, 696, 534, 646, 583, 509
635, 1.19987, -1.87688, 862, -1, -1, 18, 580, 760, 635, 565, 544, 650, 793, 538, 559, 755, 576, 771, 769, 669, 652, 725, 689, 562
701, 1.20458, -2.56669, 862, -1, -1, 14, 514, 628, 713, 799, 687, 626, 774, 701, 647, 763, 513, 516, 665, 765
565, 1.20689, -1.91511, 862, -1, -1, 16, 580, 635, 565, 592, 544, 650, 793, 538, 559, 698, 755, 771, 769, 652, 689, 562
729, 1.21159, -2.2892, 862, 0, 0, 18, 551, 764, 571, 679, 578, 585, 729, 577, 719, 709, 512, 730, 640, 696, 682, 646, 509, 747
683, 1.23565, -1.39842, 862, 0, 3, 17, 683, 556, 740, 637, 706, 581, 773, 589, 584, 602, 606, 677, 564, 624, 780, 723, 798
734, 1.2398, -1.69461, 862, 1, 1, 20, 660, 535, 734, 638, 776, 711, 700, 737, 523, 663, 517, 507, 795, 661, 566, 526, 639, 627, 717, 623
625, 1.25785, -2.52493, 862, -1, -1, 14, 514, 713, 521, 675, 781, 626, 591, 702, 546, 625, 610, 739, 534, 583
753, 1.26714, -3.31575, 862, -1, -1, 11, 615, 555, 759, 693, 667, 614, 790, 721, 519, 686, 753
528, 1.26783, -3.13925, 862, -1, -1, 13, 615, 667, 796, 569, 738, 791, 721, 519, 536, 741, 508, 686, 528
610, 1.26946, -2.5985, 862, -1, -1, 14, 514, 628, 713, 521, 675, 781, 626, 591, 702, 625, 610, 739, 583, 765
647, 1.27485, -2.75665, 862, -1, -1, 13, 628, 799, 687, 774, 701, 647, 763, 513, 516, 665, 731, 732, 765
577, 1.27651, -2.3812, 862, 1, 0, 20, 551, 764, 571, 679, 578, 585, 729, 577, 719, 709, 568, 645, 512, 730, 640, 696, 682, 646, 509, 747
560, 1.27717, -2.18205, 862, 1, 2, 20, 533, 560, 600, 695, 636, 684, 524, 797, 552, 593, 672, 567, 537, 558, 662, 597, 681, 778, 779, 750
763, 1.27891, -2.82007, 862, -1, -1, 15, 659, 799, 687, 588, 774, 701, 647, 763, 513, 516, 665, 772, 783, 731, 732
600, 1.29101, -2.18828, 862, 1, 2, 20, 533, 560, 600, 695, 636, 684, 524, 797, 552, 672, 567, 537, 558, 662, 597, 681, 778, 779, 787, 750
708, 1.30159, -1.2803, 862, -1, -1, 14, 708, 607, 671, 542, 707, 680, 613, 770, 784, 611, 699, 557, 654, 151
592, 1.31513, -2.14932, 862, 0, 2, 15, 580, 565, 592, 605, 524, 797, 559, 698, 755, 537, 681, 771, 778, 769, 787
638, 1.31719, -1.82112, 862, 1, 1, 20, 660, 535, 734, 638, 776, 700, 737, 523, 663, 517, 507, 795, 661, 566, 526, 639, 627, 717, 598, 623
513, 1.31763, -2.89269, 862, -1, -1, 14, 659, 799, 687, 588, 774, 701, 647, 763, 513, 516, 665, 783, 731, 732
630, 1.33101, -1.69371, 862, -1, -1, 15, 594, 777, 630, 758, 575, 792, 549, 550, 622, 653, 553, 746, 529, 609, 735
516, 1.34245, -2.85417, 862, -1, -1, 15, 514, 628, 713, 799, 687, 626, 591, 774, 701, 647, 763, 513, 516, 665, 765
579, 1.35454, -2.39341, 862, -1, -1, 10, 579, 568, 645, 636, 552, 593, 697, 558, 662, 750
719, 1.35483, -2.57757, 862, 0, 0, 15, 764, 571, 679, 585, 546, 729, 577, 719, 730, 640, 696, 534, 682, 646, 509
665, 1.36684, -2.97112, 862, -1, -1, 14, 628, 659, 799, 687, 774, 701, 647, 763, 513, 516, 665, 783, 731, 732
709, 1.37002, -2.51256, 862, 0, 0, 16, 551, 764, 571, 679, 578, 585, 729, 577, 709, 568, 645, 512, 640, 682, 697, 747
568, 1.37985, -2.51581, 862, 0, 0, 17, 551, 764, 571, 679, 578, 585, 577, 579, 709, 568, 645, 512, 640, 593, 682, 697, 747
758, 1.3847, -1.77017, 862, -1, -1, 13, 594, 630, 758, 575, 792, 549, 550, 622, 653, 553, 746, 529, 609
605, 1.39199, -2.28406, 862, 0, 2, 11, 592, 605, 524, 797, 559, 698, 537, 681, 778, 779, 787
522, 1.3958, -2.07887, 862, -1, -1, 11, 760, 754, 522, 620, 743, 694, 669, 742, 725, 618, 642
484, 1.39803, -7.69522, 862, -1, -1, 6, 511, 666, 641, 601, 678, 484
739, 1.4115, -2.8784, 862, -1, -1, 14, 514, 628, 713, 521, 675, 781, 626, 591, 702, 625, 610, 739, 583, 765
695, 1.41943, -2.40955, 862, 1, 2, 20, 533, 560, 600, 695, 636, 684, 524, 797, 552, 672, 567, 537, 558, 662, 597, 681, 778, 779, 787, 750
446, 1.42395, -6.74666, 862, -1, -1, 5, 748, 752, 788, 446, 442
645, 1.42528, -2.59484, 862, 0, 0, 15, 551, 571, 578, 585, 577, 579, 709, 568, 645, 512, 640, 593, 682, 697, 747
512, 1.43279, -2.62375, 862, 0, 0, 16, 551, 764, 571, 679, 578, 585, 729, 577, 709, 568, 645, 512, 640, 682, 697, 747
636, 1.43501, -2.48814, 862, 0, 2, 18, 533, 560, 600, 579, 695, 636, 684, 552, 593, 672, 567, 537, 558, 662, 597, 778, 779, 750
730, 1.44387, -2.78391, 862, 0, 0, 15, 764, 781, 679, 585, 546, 729, 577, 719, 730, 640, 696, 534, 682, 646, 509
772, 1.44833, -3.30456, 862, -1, -1, 12, 789, 659, 687, 588, 651, 633, 763, 772, 783, 731, 617, 732
776, 1.45083, -2.00239, 862, 1, 1, 20, 660, 535, 734, 638, 776, 700, 737, 523, 663, 517, 507, 795, 661, 566, 526, 639, 627, 717, 598, 623
684, 1.45357, -2.46902, 862, 1, 2, 20, 533, 560, 600, 695, 636, 684, 524, 797, 552, 672, 567, 537, 558, 662, 597, 681, 778, 779, 787, 750
783, 1.45434, -3.27428, 862, -1, -1, 14, 789, 659, 687, 588, 651, 633, 774, 763, 513, 665, 772, 783, 731, 732
711, 1.45744, -1.94154, 862, 0, 1, 13, 535, 734, 711, 575, 737, 549, 523, 590, 507, 566, 526, 627, 623
524, 1.45784, -2.41959, 862, 0, 2, 18, 533, 560, 600, 592, 605, 695, 684, 524, 797, 672, 567, 698, 537, 597, 681, 778, 779, 787
731, 1.46517, -3.28624, 862, -1, -1, 15, 789, 659, 687, 588, 651, 633, 774, 647, 763, 513, 665, 772, 783, 731, 732
640, 1.47552, -2.7726, 862, 1, 0, 20, 551, 764, 571, 679, 578, 585, 729, 577, 719, 709, 568, 645, 512, 730, 640, 696, 682, 646, 509, 747
797, 1.47658, -2.47384, 862, 0, 2, 19, 533, 560, 600, 592, 605, 695, 684, 524, 797, 672, 567, 698, 537, 558, 597, 681, 778, 779, 787
544, 1.48314, -2.33727, 862, -1, -1, 16, 580, 635, 565, 544, 650, 793, 538, 559, 755, 576, 771, 769, 669, 652, 689, 562
650, 1.48793, -2.34887, 862, -1, -1, 16, 580, 635, 565, 544, 650, 793, 538, 559, 755, 576, 771, 769, 669, 652, 689, 562
617, 1.48857, -3.48823, 862, -1, -1, 10, 789, 738, 791, 588, 741, 508, 651, 633, 772, 617
696, 1.49516, -2.85465, 862, 0, 0, 15, 764, 571, 679, 585, 546, 729, 577, 719, 730, 640, 696, 534, 682, 646, 509
556, 1.50335, -1.72655, 862, 0, 3, 17, 683, 556, 637, 706, 545, 581, 589, 584, 602, 606, 677, 720, 564, 624, 780, 723, 133
552, 1.50836, -2.61995, 862, 0, 2, 18, 533, 560, 600, 579, 695, 636, 684, 552, 593, 672, 567, 537, 558, 662, 597, 778, 779, 750
593, 1.51103, -2.66659, 862, 0, 2, 11, 560, 579, 568, 645, 636, 552, 593, 697, 558, 662, 750
700, 1.51229, -2.10956, 862, 0, 1, 18, 660, 734, 638, 776, 700, 737, 523, 688, 663, 517, 582, 507, 795, 661, 566, 639, 717, 598
620, 1.5144, -2.28044, 862, -1, -1, 12, 760, 522, 620, 743, 576, 694, 669, 742, 725, 562, 618, 642
575, 1.52041, -1.9814, 862, -1, -1, 10, 630, 758, 711, 575, 549, 590, 653, 553, 746, 529
792, 1.52411, -1.90487, 862, -1, -1, 16, 594, 777, 630, 758, 792, 550, 622, 653, 599, 586, 775, 573, 553, 529, 609, 735
574, 1.52427, -1.00068, 862, -1, -1, 7, 574, 685, 223, 350, 19, 370, 410
737, 1.52963, -2.09815, 862, 1, 1, 20, 660, 535, 734, 638, 776, 711, 700, 737, 523, 663, 517, 507, 795, 661, 566, 526, 639, 627, 717, 623
793, 1.53353, -2.42473, 862, -1, -1, 15, 580, 635, 565, 544, 650, 793, 538, 559, 755, 576, 771, 769, 652, 689, 562
672, 1.55037, -2.64698, 862, 0, 2, 19, 533, 560, 600, 695, 636, 684, 524, 797, 552, 672, 567, 537, 558, 662, 597, 681, 778, 779, 750
534, 1.5508, -3.04421, 862, -1, -1, 12, 675, 781, 702, 546, 625, 719, 730, 696, 534, 646, 583, 509
538, 1.5589, -2.44784, 862, -1, -1, 17, 580, 635, 565, 544, 650, 793, 538, 559, 755, 576, 771, 769, 669, 652, 725, 689, 562
549, 1.56112, -2.02887, 862, -1, -1, 11, 630, 758, 711, 575, 549, 590, 550, 653, 553, 746, 529
608, 1.57567, -1.49981, 862, -1, -1, 5, 608, 613, 770, 654, 151
567, 1.5902, -2.70698, 862, 0, 2, 19, 533, 560, 600, 695, 636, 684, 524, 797, 552, 672, 567, 537, 558, 662, 597, 681, 778, 779, 750
559, 1.59568, -2.55093, 862, -1, -1, 17, 580, 635, 565, 592, 605, 544, 650, 793, 538, 559, 698, 755, 771, 769, 787, 652, 689
682, 1.59862, -3.00399, 862, 1, 0, 20, 551, 764, 571, 679, 578, 585, 729, 577, 719, 709, 568, 645, 512, 730, 640, 696, 682, 646, 509, 747
646, 1.60487, -3.07982, 862, 0, 0, 16, 764, 781, 571, 679, 585, 546, 729, 577, 719, 730, 640, 696, 534, 682, 646, 509
523, 1.6066, -2.18164, 862, 0, 1, 19, 660, 535, 734, 638, 776, 711, 700, 737, 523, 590, 517, 507, 795, 566, 526, 639, 627, 717, 623
698, 1.60778, -2.6314, 862, 0, 2, 14, 580, 565, 592, 605, 524, 797, 559, 698, 755, 537, 681, 771, 778, 787
631, 1.60985, -1.23124, 862, -1, -1, 10, 631, 530, 649, 657, 361, 360, 290, 199, 398, 78
697, 1.61187, -2.90282, 862, 0, 0, 12, 551, 571, 578, 579, 709, 568, 645, 512, 593, 697, 747, 662
688, 1.61604, -2.30327, 862, -1, -1, 12, 660, 754, 700, 688, 663, 582, 795, 661, 639, 717, 598, 618
583, 1.61761, -3.28098, 862, -1, -1, 16, 514, 628, 713, 521, 675, 781, 626, 591, 702, 546, 625, 610, 739, 534, 583, 765
755, 1.61973, -2.5731, 862, -1, -1, 16, 580, 635, 565, 592, 544, 650, 793, 538, 559, 698, 755, 771, 769, 652, 689, 562
607, 1.6234, -1.60517, 862, -1, -1, 13, 708, 607, 671, 542, 707, 680, 770, 784, 611, 699, 557, 654, 151
590, 1.62844, -2.15823, 862, -1, -1, 11, 535, 711, 575, 549, 523, 590, 566, 526, 627, 623, 746
663, 1.62861, -2.28855, 862, 0, 1, 16, 660, 734, 638, 776, 700, 737, 688, 663, 517, 582, 507, 795, 661, 639, 717, 598
509, 1.62984, -3.10915, 862, 0, 0, 15, 764, 571, 679, 585, 546, 729, 577, 719, 730, 640, 696, 534, 682, 646, 509
537, 1.6459, -2.76982, 862, 1, 2, 22, 533, 560, 600, 592, 605, 695, 636, 684, 524, 797, 552, 672, 567, 698, 537, 558, 597, 681, 778, 779, 787, 750
740, 1.64696, -1.83646, 862, -1, -1, 11, 683, 740, 637, 581, 773, 584, 602, 624, 780, 723, 798
517, 1.6475, -2.26437, 862, 0, 1, 19, 660, 535, 734, 638, 776, 700, 737, 523, 663, 517, 507, 795, 661, 566, 526, 639, 627, 717, 623
732, 1.65428, -3.67964, 862, -1, -1, 16, 789, 659, 799, 687, 588, 651, 633, 774, 647, 763, 513, 665, 772, 783, 731, 732
558, 1.66166, -2.86533, 862, 0, 2, 19, 533, 560, 600, 579, 695, 636, 684, 797, 552, 593, 672, 567, 537, 558, 662, 597, 778, 779, 750
582, 1.66456, -2.38687, 862, -1, -1, 14, 660, 754, 700, 688, 663, 582, 743, 661, 639, 742, 717, 598, 618, 642
785, 1.67476, -2.0121, 862, -1, -1, 14, 668, 785, 525, 761, 718, 545, 599, 586, 775, 573, 587, 703, 621, 133
550, 1.6754, -2.11631, 862, -1, -1, 17, 594, 777, 630, 758, 792, 549, 550, 622, 653, 599, 586, 775, 553, 746, 529, 609, 735
747, 1.68777, -3.09065, 862, 0, 0, 16, 551, 764, 571, 679, 578, 585, 729, 577, 709, 568, 645, 512, 640, 682, 697, 747
662, 1.69006, -2.95851, 862, 0, 2, 16, 533, 560, 600, 579, 695, 636, 684, 552, 593, 672, 567, 697, 558, 662, 597, 750
597, 1.72074, -2.93715, 862, 0, 2, 19, 533, 560, 600, 695, 636, 684, 524, 797, 552, 672, 567, 537, 558, 662, 597, 681, 778, 779, 750
525, 1.73225, -2.07237, 862, 0, 3, 14, 668, 785, 525, 761, 718, 545, 599, 589, 573, 587, 720, 703, 621, 133
622, 1.74415, -2.1686, 862, -1, -1, 16, 594, 777, 630, 758, 792, 550, 622, 761, 653, 599, 586, 775, 573, 529, 609, 735
681, 1.75914, -2.91974, 862, 0, 2, 18, 533, 560, 600, 592, 605, 695, 684, 524, 797, 672, 567, 698, 537, 597, 681, 778, 779, 787
743, 1.76364, -2.59135, 862, -1, -1, 9, 754, 522, 620, 582, 743, 694, 742, 618, 642
761, 1.76787, -2.13999, 862, -1, -1, 17, 668, 777, 785, 525, 622, 761, 718, 599, 586, 775, 573, 587, 703, 621, 609, 735, 133
718, 1.77215, -2.10539, 862, 0, 3, 14, 668, 785, 525, 761, 718, 706, 545, 589, 606, 587, 720, 703, 621, 133
507, 1.77264, -2.43166, 862, 1, 1, 20, 660, 535, 734, 638, 776, 711, 700, 737, 523, 663, 517, 507, 795, 661, 566, 526, 639, 627, 717, 623
795, 1.77389, -2.46838, 862, 0, 1, 19, 660, 535, 734, 638, 776, 700, 737, 523, 688, 663, 517, 507, 795, 661, 566, 639, 717, 598, 623
637, 1.77972, -2.01847, 862, 0, 3, 18, 683, 556, 740, 637, 706, 581, 773, 589, 584, 602, 606, 677, 720, 564, 624, 780, 723, 798
706, 1.78827, -2.06755, 862, 0, 3, 18, 683, 556, 718, 637, 706, 545, 581, 589, 584, 602, 606, 677, 587, 720, 564, 703, 624, 133
765, 1.7886, -3.74324, 862, -1, -1, 16, 514, 628, 713, 799, 521, 675, 626, 591, 702, 701, 610, 647, 516, 739, 583, 765
576, 1.80394, -2.77412, 862, -1, -1, 15, 760, 635, 544, 650, 620, 793, 538, 576, 694, 769, 669, 652, 725, 689, 562
545, 1.80547, -2.11578, 862, 0, 3, 17, 668, 556, 785, 525, 718, 706, 545, 589, 602, 606, 677, 587, 720, 564, 703, 621, 133
661, 1.82299, -2.5663, 862, 0, 1, 17, 660, 754, 734, 638, 776, 700, 737, 688, 663, 517, 582, 507, 795, 661, 639, 717, 598
566, 1.85674, -2.5235, 862, 0, 1, 19, 660, 535, 734, 638, 776, 711, 700, 737, 523, 590, 517, 507, 795, 566, 526, 639, 627, 717, 623
653, 1.8636, -2.36192, 862, -1, -1, 17, 594, 777, 630, 758, 575, 792, 549, 550, 622, 653, 586, 775, 553, 746, 529, 609, 735
771, 1.86796, -2.96447, 862, -1, -1, 16, 580, 635, 565, 592, 544, 650, 793, 538, 559, 698, 755, 771, 769, 652, 689, 562
599, 1.88024, -2.30936, 862, -1, -1, 15, 594, 668, 777, 792, 785, 550, 525, 622, 761, 599, 586, 775, 573, 609, 735
778, 1.88153, -3.17107, 862, 1, 2, 22, 533, 560, 600, 592, 605, 695, 636, 684, 524, 797, 552, 672, 567, 698, 537, 558, 597, 681, 778, 779, 787, 750
694, 1.88228, -2.82705, 862, -1, -1, 12, 760, 522, 620, 743, 576, 694, 669, 742, 725, 562, 618, 642
769, 1.88524, -2.98892, 862, -1, -1, 16, 580, 635, 565, 592, 544, 650, 793, 538, 559, 755, 576, 771, 769, 652, 689, 562
526, 1.88908, -2.54786, 862, 0, 1, 14, 535, 734, 638, 776, 711, 737, 523, 590, 517, 507, 566, 526, 627, 623
581, 1.90923, -2.17058, 862, 0, 3, 18, 683, 556, 740, 637, 706, 581, 773, 589, 584, 602, 606, 677, 720, 564, 624, 780, 723, 798
773, 1.91393, -2.13566, 862, -1, -1, 11, 683, 740, 637, 581, 773, 584, 602, 624, 780, 723, 798
530, 1.9146, -1.44326, 862, -1, -1, 9, 631, 530, 649, 527, 361, 360, 290, 398, 78
649, 1.94115, -1.47083, 862, -1, -1, 9, 631, 530, 649, 657, 361, 360, 290, 398, 78
586, 1.9486, -2.40468, 862, -1, -1, 15, 594, 777, 792, 785, 550, 622, 761, 653, 599, 586, 775, 573, 529, 609, 735
589, 1.95181, -2.27215, 862, 1, 3, 20, 668, 683, 556, 525, 718, 637, 706, 545, 581, 589, 584, 602, 606, 677, 587, 720, 564, 703, 621, 133
669, 1.9589, -2.99807, 862, -1, -1, 14, 760, 635, 522, 544, 650, 620, 538, 576, 694, 669, 652, 725, 689, 562
527, 1.96802, -1.44093, 862, -1, -1, 2, 530, 527
779, 1.97001, -3.33694, 862, 1, 2, 20, 533, 560, 600, 605, 695, 636, 684, 524, 797, 552, 672, 567, 537, 558, 597, 681, 778, 779, 787, 750
671, 2.00509, -2.00591, 862, -1, -1, 11, 708, 607, 671, 542, 707, 680, 784, 611, 699, 557, 654
745, 2.00797, -1.62803, 862, -1, -1, 8, 745, 619, 751, 543, 510, 561, 192, 81
619, 2.01267, -1.65501, 862, -1, -1, 10, 745, 619, 751, 690, 800, 543, 510, 561, 192, 216
440, 2.02119, -7.09042, 862, -1, -1, 9, 612, 722, 518, 744, 733, 670, 643, 440, 496
584, 2.02548, -2.30059, 862, 0, 3, 18, 683, 556, 740, 637, 706, 581, 773, 589, 584, 602, 606, 677, 720, 564, 624, 780, 723, 798
787, 2.03252, -3.34354, 862, 0, 2, 14, 600, 592, 605, 695, 684, 524, 797, 559, 698, 537, 681, 778, 779, 787
775, 2.03699, -2.51207, 862, -1, -1, 14, 594, 777, 792, 785, 550, 622, 761, 653, 599, 586, 775, 573, 609, 735
602, 2.04166, -2.33899, 862, 0, 3, 18, 683, 556, 740, 637, 706, 545, 581, 773, 589, 584, 602, 606, 677, 720, 564, 624, 780, 723
573, 2.07477, -2.54141, 862, -1, -1, 15, 594, 668, 777, 792, 785, 525, 622, 761, 599, 586, 775, 573, 621, 609, 735
553, 2.07909, -2.66326, 862, -1, -1, 12, 594, 630, 758, 575, 792, 549, 550, 653, 553, 746, 529, 609
714, 2.1147, -1.88288, 862, -1, -1, 8, 714, 715, 547, 355, 418, 318, 262, 236
639, 2.11706, -2.96156, 862, 0, 1, 18, 660, 734, 638, 776, 700, 737, 523, 688, 663, 517, 582, 507, 795, 661, 566, 639, 717, 598
742, 2.1362, -3.1414, 862, -1, -1, 9, 754, 522, 620, 582, 743, 694, 742, 618, 642
751, 2.13859, -1.78115, 862, -1, -1, 10, 745, 619, 751, 690, 800, 543, 510, 192, 216, 166
652, 2.14709, -3.35173, 862, -1, -1, 18, 580, 760, 635, 565, 544, 650, 793, 538, 559, 755, 576, 771, 769, 669, 652, 725, 689, 562
606, 2.16076, -2.50378, 862, 0, 3, 19, 683, 556, 718, 637, 706, 545, 581, 589, 584, 602, 606, 677, 587, 720, 564, 703, 624, 621, 133
442, 2.16948, -9.63352, 862, -1, -1, 6, 664, 712, 676, 788, 446, 442
725, 2.17294, -3.31027, 862, -1, -1, 11, 760, 635, 522, 620, 538, 576, 694, 669, 652, 725, 562
690, 2.17622, -1.82413, 862, -1, -1, 8, 619, 751, 690, 800, 543, 216, 166, 87
542, 2.19088, -2.16581, 862, -1, -1, 13, 708, 607, 671, 542, 707, 680, 770, 784, 611, 699, 557, 654, 151
750, 2.19481, -3.8054, 862, 0, 2, 18, 533, 560, 600, 579, 695, 636, 684, 552, 593, 672, 567, 537, 558, 662, 597, 778, 779, 750
707, 2.19964, -2.16993, 862, -1, -1, 14, 708, 607, 671, 542, 707, 680, 613, 770, 784, 611, 699, 557, 654, 151
704, 2.21016, -2.37535, 862, -1, -1, 6, 704, 531, 656, 710, 674, 252
627, 2.21074, -2.97166, 862, 0, 1, 14, 535, 734, 638, 776, 711, 737, 523, 590, 517, 507, 566, 526, 627, 623
496, 2.21089, -7.70329, 862, -1, -1, 8, 612, 518, 744, 733, 670, 643, 440, 496
689, 2.21115, -3.47823, 862, -1, -1, 16, 580, 635, 565, 544, 650, 793, 538, 559, 755, 576, 771, 769, 669, 652, 689, 562
717, 2.21547, -3.08722, 862, 0, 1, 18, 660, 734, 638, 776, 700, 737, 523, 688, 663, 517, 582, 507, 795, 661, 566, 639, 717, 598
800, 2.21713, -1.8549, 862, -1, -1, 7, 619, 751, 690, 800, 543, 216, 166
598, 2.24538, -3.18483, 862, 0, 1, 13, 660, 754, 638, 776, 700, 688, 663, 582, 795, 661, 639, 717, 598
431, 2.2498, -8.82532, 862, -1, -1, 11, 632, 539, 762, 756, 749, 757, 644, 724, 767, 548, 431
715, 2.25356, -2.00256, 862, -1, -1, 8, 714, 715, 547, 355, 418, 318, 262, 236
562, 2.25503, -3.48048, 862, -1, -1, 19, 580, 760, 635, 565, 544, 650, 620, 793, 538, 755, 576, 771, 694, 769, 669, 652, 725, 689, 562
677, 2.28277, -2.63493, 862, 0, 3, 18, 683, 556, 637, 706, 545, 581, 589, 584, 602, 606, 677, 587, 720, 564, 703, 624, 723, 133
680, 2.28279, -2.28884, 862, -1, -1, 11, 708, 607, 671, 542, 707, 680, 784, 611, 699, 557, 654
587, 2.28602, -2.70676, 862, 0, 3, 16, 668, 785, 525, 761, 718, 706, 545, 589, 606, 677, 587, 720, 564, 703, 621, 133
720, 2.28644, -2.66541, 862, 0, 3, 19, 668, 556, 525, 718, 637, 706, 545, 581, 589, 584, 602, 606, 677, 587, 720, 564, 703, 621, 133
531, 2.31122, -2.47512, 862, -1, -1, 6, 704, 531, 656, 710, 674, 252
623, 2.31661, -3.13133, 862, 0, 1, 15, 535, 734, 638, 776, 711, 737, 523, 590, 517, 507, 795, 566, 526, 627, 623
618, 2.33224, -3.41238, 862, -1, -1, 10, 754, 522, 620, 688, 582, 743, 694, 742, 618, 642
564, 2.35404, -2.71742, 862, 0, 3, 18, 683, 556, 637, 706, 545, 581, 589, 584, 602, 606, 677, 587, 720, 564, 703, 624, 723, 133
540, 2.38091, -2.19976, 862, -1, -1, 3, 540, 563, 547
746, 2.38289, -3.07396, 862, -1, -1, 10, 630, 758, 575, 549, 590, 550, 653, 553, 746, 529
563, 2.39737, -2.20416, 862, -1, -1, 4, 540, 563, 547, 318
529, 2.419, -3.07209, 862, -1, -1, 16, 594, 777, 630, 758, 575, 792, 549, 550, 622, 653, 586, 553, 746, 529, 609, 735
703, 2.44473, -2.9036, 862, 0, 3, 16, 668, 785, 525, 761, 718, 706, 545, 589, 606, 677, 587, 720, 564, 703, 621, 133
656, 2.45832, -2.5895, 862, -1, -1, 7, 704, 531, 656, 710, 674, 286, 252
613, 2.46528, -2.36811, 862, -1, -1, 10, 708, 608, 707, 613, 770, 611, 699, 557, 654, 151
547, 2.52556, -2.28012, 862, -1, -1, 9, 714, 715, 540, 563, 547, 355, 418, 318, 262
624, 2.54843, -2.87346, 862, -1, -1, 16, 683, 556, 740, 637, 706, 581, 773, 584, 602, 606, 677, 564, 624, 780, 723, 798
780, 2.55593, -2.85753, 862, -1, -1, 12, 683, 556, 740, 637, 581, 773, 584, 602, 624, 780, 723, 798
621, 2.59508, -3.09142, 862, 0, 3, 14, 668, 785, 525, 761, 718, 545, 589, 573, 606, 587, 720, 703, 621, 133
642, 2.5983, -3.82074, 862, -1, -1, 9, 754, 522, 620, 582, 743, 694, 742, 618, 642
770, 2.60746, -2.52804, 862, -1, -1, 13, 708, 608, 607, 542, 707, 613, 770, 784, 611, 699, 557, 654, 151
603, 2.64402, -1.86937, 862, -1, -1, 3, 603, 177, 332
784, 2.67445, -2.66624, 862, -1, -1, 13, 708, 607, 671, 542, 707, 680, 770, 784, 611, 699, 557, 654, 151
657, 2.6771, -2.07815, 862, -1, -1, 10, 631, 649, 657, 361, 360, 290, 81, 199, 398, 78
609, 2.68989, -3.34822, 862, -1, -1, 17, 594, 777, 630, 758, 792, 550, 622, 761, 653, 599, 586, 775, 573, 553, 529, 609, 735
723, 2.6982, -3.02867, 862, -1, -1, 14, 683, 556, 740, 637, 581, 773, 584, 602, 677, 564, 624, 780, 723, 798
710, 2.71801, -2.91054, 862, -1, -1, 6, 704, 531, 656, 710, 674, 252
735, 2.76682, -3.42348, 862, -1, -1, 15, 594, 777, 630, 792, 550, 622, 761, 653, 599, 586, 775, 573, 529, 609, 735
543, 2.77191, -2.29934, 862, -1, -1, 9, 745, 619, 751, 690, 800, 543, 510, 192, 216
503, 2.78244, -8.36253, 862, -1, -1, 9, 596, 786, 616, 604, 541, 728, 736, 692, 503
674, 2.84829, -3.0429, 862, -1, -1, 6, 704, 531, 656, 710, 674, 252
685, 2.87545, -1.94594, 862, -1, -1, 6, 574, 685, 245, 177, 61, 410
782, 2.91257, -1.51578, 862, -1, -1, 8, 782, 362, 301, 31, 186, 156, 268, 392
611, 2.94419, -2.90487, 862, -1, -1, 14, 708, 607, 671, 542, 707, 680, 613, 770, 784, 611, 699, 557, 654, 151
699, 2.95167, -2.90287, 862, -1, -1, 14, 708, 607, 671, 542, 707, 680, 613, 770, 784, 611, 699, 557, 654, 151
510, 3.03349, -2.45485, 862, -1, -1, 9, 745, 619, 751, 543, 510, 561, 192, 81, 199
798, 3.06613, -3.40332, 862, -1, -1, 10, 683, 740, 637, 581, 773, 584, 624, 780, 723, 798
561, 3.14, -2.52073, 862, -1, -1, 7, 745, 619, 510, 561, 192, 81, 199
557, 3.51521, -3.46384, 862, -1, -1, 14, 708, 607, 671, 542, 707, 680, 613, 770, 784, 611, 699, 557, 654, 151
654, 3.62757, -3.54535, 862, -1, -1, 15, 708, 608, 607, 671, 542, 707, 680, 613, 770, 784, 611, 699, 557, 654, 151
355, 4.36163, -3.83679, 862, -1, -1, 10, 714, 715, 547, 355, 418, 318, 166, 262, 236, 87
223, 4.38696, -2.79862, 862, -1, -1, 9, 574, 223, 350, 289, 19, 370, 83, 285, 165
133, 4.5274, -5.34881, 862, 0, 3, 17, 668, 556, 785, 525, 761, 718, 706, 545, 589, 606, 677, 587, 720, 564, 703, 621, 133
250, 4.73538, -2.35529, 862, -1, -1, 8, 250, 362, 109, 294, 31, 190, 340, 137
147, 5.03, -0.346601, 862, 0, 4, 19, 147, 84, 215, 227, 349, 419, 238, 116, 388, 52, 91, 335, 72, 201, 180, 305, 13, 239, 117
269, 5.04429, 1.50786, 862, -1, -1, 6, 269, 320, 59, 106, 266, 306
2, 5.1105, 0.269883, 862, -1, -1, 15, 2, 154, 353, 103, 279, 127, 167, 378, 219, 265, 200, 373, 237, 36, 141
125, 5.1857, 3.76842, 862, -1, -1, 2, 125, 195
28, 5.24049, 1.31851, 862, -1, -1, 6, 28, 134, 213, 329, 168, 198
170, 5.30873, -1.82709, 862, -1, -1, 10, 170, 33, 235, 276, 403, 118, 339, 131, 171, 324
179, 5.33993, -2.42673, 862, -1, -1, 8, 179, 210, 217, 243, 326, 253, 348, 138
193, 5.36902, 2.33533, 862, -1, -1, 3, 193, 293, 58
344, 5.42594, -1.1426, 862, -1, -1, 15, 344, 203, 74, 145, 328, 79, 297, 366, 274, 292, 314, 299, 376, 234, 69
246, 5.4391, -2.13607, 862, -1, -1, 10, 246, 282, 23, 309, 384, 86, 334, 347, 343, 136
402, 5.48486, 0.543627, 862, -1, -1, 12, 402, 153, 369, 98, 278, 229, 414, 240, 10, 56, 307, 341
313, 5.51393, -2.99441, 862, -1, -1, 7, 313, 186, 45, 399, 287, 149, 156
418, 5.56684, -4.95138, 862, -1, -1, 8, 714, 715, 547, 355, 418, 318, 262, 236
111, 5.66555, 1.82633, 862, -1, -1, 8, 111, 257, 358, 315, 371, 320, 106, 406
257, 5.72504, 1.85313, 862, -1, -1, 8, 111, 257, 358, 315, 371, 320, 106, 406
88, 5.77097, 4.97839, 862, -1, -1, 1, 88
267, 5.83174, -0.573782, 862, 0, 4, 18, 267, 205, 100, 95, 130, 311, 12, 411, 11, 275, 197, 113, 211, 99, 16, 207, 336, 89
55, 5.85915, -2.42513, 862, -1, -1, 5, 55, 23, 309, 384, 86
205, 5.86939, -0.564397, 862, 0, 4, 17, 267, 205, 284, 100, 95, 130, 311, 12, 411, 275, 113, 211, 99, 16, 207, 336, 89
220, 5.89178, 2.33332, 862, -1, -1, 6, 220, 96, 35, 323, 379, 325
33, 5.90921, -2.06383, 862, -1, -1, 13, 170, 33, 235, 255, 276, 403, 118, 131, 171, 324, 214, 212, 93
195, 5.93486, 4.28185, 862, -1, -1, 2, 125, 195
202, 5.96911, 2.77774, 862, -1, -1, 4, 202, 188, 144, 27
407, 6.00952, 0.779082, 862, -1, -1, 14, 407, 413, 228, 132, 53, 140, 208, 146, 158, 17, 82, 54, 283, 68
271, 6.04088, 6.77184, 862, -1, -1, 1, 271
389, 6.09117, -0.206448, 862, -1, -1, 14, 389, 121, 248, 135, 381, 161, 64, 300, 317, 386, 345, 185, 218, 387
361, 6.09985, -4.65878, 862, -1, -1, 9, 631, 530, 649, 657, 361, 360, 290, 398, 78
210, 6.11382, -2.79337, 862, -1, -1, 8, 179, 210, 217, 243, 326, 253, 348, 138
350, 6.18591, -3.94526, 862, -1, -1, 9, 574, 223, 350, 289, 19, 370, 83, 285, 165
362, 6.19382, -3.18984, 862, -1, -1, 9, 782, 250, 362, 301, 31, 156, 268, 340, 392
289, 6.24655, -3.95371, 862, -1, -1, 8, 223, 350, 289, 19, 370, 83, 285, 165
84, 6.26833, -0.508081, 862, 1, 4, 21, 147, 84, 284, 100, 215, 95, 349, 311, 419, 116, 388, 275, 113, 211, 72, 180, 99, 13, 239, 16, 207
164, 6.2777, 0.721938, 862, -1, -1, 13, 164, 98, 278, 413, 414, 240, 140, 208, 17, 82, 307, 68, 341
284, 6.31294, -0.531089, 862, 1, 4, 21, 205, 84, 284, 100, 215, 95, 311, 419, 116, 411, 388, 275, 113, 211, 72, 180, 99, 13, 239, 16, 207
3, 6.34456, -3.71832, 862, -1, -1, 10, 3, 174, 364, 342, 288, 80, 281, 63, 7, 412
360, 6.35606, -4.79694, 862, -1, -1, 9, 631, 530, 649, 657, 361, 360, 290, 398, 78
134, 6.38176, 1.54411, 862, -1, -1, 11, 28, 134, 66, 308, 405, 194, 397, 213, 329, 175, 198
29, 6.41871, -0.0358384, 862, -1, -1, 7, 29, 37, 338, 354, 143, 298, 330
100, 6.43023, -0.542349, 862, 1, 4, 21, 267, 205, 84, 284, 100, 215, 95, 311, 419, 411, 388, 275, 113, 211, 72, 180, 99, 13, 239, 16, 207
420, 6.44313, 2.382, 862, -1, -1, 6, 420, 41, 368, 323, 101, 102
41, 6.44954, 2.40385, 862, -1, -1, 6, 420, 41, 368, 323, 101, 102
235, 6.46345, -2.17743, 862, -1, -1, 11, 170, 33, 235, 276, 403, 118, 148, 339, 131, 171, 324
368, 6.47432, 2.37067, 862, -1, -1, 5, 420, 41, 368, 101, 102
280, 6.47467, -1.68923, 862, 0, 5, 19, 280, 47, 359, 115, 254, 119, 365, 189, 400, 196, 322, 191, 258, 261, 128, 225, 383, 26, 73
120, 6.49574, 3.20202, 862, -1, -1, 5, 120, 188, 385, 394, 15
390, 6.52246, -1.8472, 862, 0, 5, 19, 390, 48, 359, 244, 374, 50, 43, 5, 189, 302, 249, 312, 128, 51, 26, 367, 226, 209, 94
37, 6.54353, 0.00109869, 862, -1, -1, 9, 29, 37, 39, 338, 143, 380, 298, 46, 108
66, 6.59622, 1.5515, 862, -1, -1, 11, 134, 66, 308, 71, 405, 194, 397, 213, 175, 4, 198
215, 6.62106, -0.540453, 862, 1, 4, 21, 147, 84, 284, 100, 215, 95, 349, 311, 419, 116, 388, 275, 113, 211, 72, 180, 99, 13, 239, 16, 207
230, 6.62438, -0.762556, 862, -1, -1, 13, 230, 130, 12, 310, 11, 256, 206, 197, 57, 42, 393, 336, 89
47, 6.62618, -1.77265, 862, 1, 5, 20, 280, 47, 359, 50, 254, 119, 365, 5, 189, 400, 196, 322, 191, 312, 128, 225, 383, 26, 367, 73
48, 6.73818, -1.92942, 862, 0, 5, 17, 390, 48, 244, 374, 50, 43, 5, 189, 302, 249, 312, 128, 51, 367, 226, 209, 94
255, 6.74196, -2.45112, 862, -1, -1, 7, 655, 33, 255, 214, 347, 212, 93
95, 6.76457, -0.640593, 862, 1, 4, 20, 267, 205, 84, 284, 100, 215, 95, 130, 311, 411, 275, 113, 211, 180, 99, 239, 16, 207, 336, 89
96, 6.80258, 2.78013, 862, -1, -1, 5, 220, 96, 293, 35, 325
153, 6.82108, 0.631436, 862, -1, -1, 13, 402, 153, 369, 327, 123, 278, 229, 414, 10, 14, 56, 307, 341
286, 6.83158, -7.06621, 862, -1, -1, 3, 656, 286, 252
417, 6.83198, -1.2761, 862, -1, -1, 14, 417, 79, 224, 8, 92, 314, 242, 304, 391, 173, 331, 70, 76, 69
109, 6.83457, -3.28685, 862, -1, -1, 7, 250, 109, 294, 190, 67, 231, 137
369, 6.83782, 0.686121, 862, -1, -1, 11, 402, 153, 369, 98, 278, 229, 414, 240, 56, 307, 341
188, 6.84861, 3.28279, 862, -1, -1, 8, 202, 120, 188, 385, 394, 15, 144, 27
39, 6.85735, 0.0607903, 862, -1, -1, 12, 37, 39, 143, 380, 298, 46, 108, 104, 181, 303, 295, 18
294, 6.87458, -3.32461, 862, -1, -1, 7, 250, 109, 294, 190, 67, 231, 137
139, 6.87607, 3.66085, 862, -1, -1, 5, 139, 260, 49, 337, 32
385, 6.87766, 3.37136, 862, -1, -1, 6, 120, 188, 385, 394, 15, 144
338, 6.88499, -0.0731292, 862, -1, -1, 8, 29, 37, 338, 354, 143, 298, 330, 185
24, 6.88808, 1.16889, 862, -1, -1, 6, 24, 34, 270, 264, 204, 351
308, 6.90653, 1.61641, 862, -1, -1, 10, 134, 66, 308, 71, 405, 194, 397, 175, 4, 198
151, 6.929, -6.73162, 862, -1, -1, 13, 708, 608, 607, 542, 707, 613, 770, 784, 611, 699, 557, 654, 151
154, 6.97004, 0.426509, 862, -1, -1, 14, 2, 154, 103, 279, 372, 127, 167, 38, 219, 265, 176, 200, 36, 141
121, 6.99226, -0.262286, 862, -1, -1, 16, 389, 121, 248, 263, 135, 381, 184, 161, 64, 300, 317, 386, 345, 218, 25, 387
290, 6.99362, -5.32711, 862, -1, -1, 9, 631, 530, 649, 657, 361, 360, 290, 398, 78
192, 7.00021, -5.68293, 862, -1, -1, 8, 745, 619, 751, 543, 510, 561, 192, 81
359, 7.00268, -1.89191, 862, 1, 5, 21, 280, 390, 47, 359, 50, 254, 119, 365, 5, 189, 400, 196, 322, 302, 191, 312, 128, 225, 26, 367, 73
382, 7.01534, -1.02877, 862, -1, -1, 17, 382, 375, 163, 273, 90, 409, 169, 395, 162, 316, 187, 159, 126, 404, 40, 75, 129
227, 7.018, -0.437251, 862, 0, 4, 15, 147, 227, 349, 263, 238, 116, 388, 184, 52, 91, 335, 72, 201, 305, 117
174, 7.06025, -4.17356, 862, -1, -1, 10, 3, 174, 342, 288, 80, 281, 0, 63, 7, 412
364, 7.06266, -4.01176, 862, -1, -1, 10, 3, 364, 342, 288, 80, 160, 399, 44, 287, 377
247, 7.08447, 4.3199, 862, -1, -1, 2, 247, 77
222, 7.08893, 0.163472, 862, -1, -1, 14, 222, 380, 259, 150, 46, 21, 104, 181, 363, 303, 295, 18, 183, 97
244, 7.09209, -2.08074, 862, 0, 5, 18, 390, 48, 244, 374, 50, 43, 5, 302, 249, 352, 312, 356, 22, 51, 226, 333, 209, 94
115, 7.12177, -1.7971, 862, 1, 5, 20, 280, 115, 254, 119, 291, 365, 152, 396, 400, 322, 60, 105, 191, 258, 261, 225, 277, 383, 319, 73
217, 7.1264, -3.25949, 862, -1, -1, 8, 179, 210, 217, 243, 326, 253, 348, 138
85, 7.1283, -1.64686, 862, 0, 5, 18, 85, 408, 297, 291, 152, 396, 357, 232, 274, 60, 105, 9, 221, 299, 277, 296, 110, 319
260, 7.15378, 3.72572, 862, -1, -1, 5, 139, 260, 337, 62, 32
71, 7.16331, 1.61416, 862, -1, -1, 10, 66, 308, 71, 405, 194, 397, 233, 157, 175, 4
342, 7.16634, -4.19144, 862, -1, -1, 11, 3, 174, 364, 342, 288, 80, 281, 63, 44, 7, 412
301, 7.17401, -3.74304, 862, -1, -1, 8, 782, 362, 301, 31, 186, 156, 268, 392
98, 7.19656, 0.793745, 862, -1, -1, 14, 402, 164, 369, 98, 278, 229, 414, 240, 208, 17, 82, 307, 68, 341
31, 7.20748, -3.67993, 862, -1, -1, 8, 782, 250, 362, 301, 31, 268, 340, 392
349, 7.21211, -0.498822, 862, 0, 4, 19, 147, 84, 215, 227, 349, 419, 238, 116, 388, 52, 91, 335, 72, 201, 180, 305, 13, 239, 117
130, 7.23462, -0.771073, 862, 0, 4, 15, 267, 205, 230, 95, 130, 12, 310, 411, 11, 256, 197, 207, 393, 336, 89
248, 7.23809, -0.338019, 862, -1, -1, 16, 389, 121, 248, 263, 381, 184, 317, 386, 52, 91, 345, 201, 305, 218, 25, 387
263, 7.26099, -0.36384, 862, -1, -1, 16, 121, 227, 248, 263, 381, 184, 386, 52, 91, 345, 201, 305, 218, 117, 25, 387
142, 7.2691, 7.82304, 862, -1, -1, 1, 142
203, 7.28703, -1.55722, 862, -1, -1, 16, 344, 203, 74, 145, 328, 297, 366, 357, 274, 9, 292, 299, 376, 110, 234, 69
252, 7.30019, -7.69963, 862, -1, -1, 7, 704, 531, 656, 710, 674, 286, 252
311, 7.30072, -0.644077, 862, 0, 4, 19, 267, 205, 84, 284, 100, 215, 95, 311, 419, 411, 275, 113, 211, 180, 99, 13, 239, 16, 207
405, 7.30844, 1.71591, 862, -1, -1, 11, 134, 66, 308, 71, 405, 194, 397, 213, 175, 4, 198
375, 7.31354, -1.04289, 862, -1, -1, 14, 382, 375, 163, 273, 90, 409, 162, 316, 187, 159, 404, 40, 75, 129
408, 7.32343, -1.72677, 862, 0, 5, 18, 85, 408, 297, 291, 152, 396, 357, 232, 274, 60, 105, 9, 221, 299, 277, 296, 110, 319
12, 7.32836, -0.803496, 862, -1, -1, 13, 267, 205, 230, 130, 12, 310, 411, 11, 256, 197, 393, 336, 89
354, 7.32963, -0.126335, 862, -1, -1, 7, 29, 338, 354, 135, 64, 330, 185
419, 7.34476, -0.590774, 862, 1, 4, 20, 147, 84, 284, 100, 215, 349, 311, 419, 116, 388, 275, 113, 211, 72, 180, 99, 13, 239, 16, 207
186, 7.3464, -3.91658, 862, -1, -1, 9, 782, 313, 301, 186, 45, 149, 156, 268, 392
238, 7.38617, -0.485803, 862, 0, 4, 14, 147, 227, 349, 238, 116, 388, 52, 91, 335, 72, 201, 305, 13, 117
34, 7.39026, 1.22465, 862, -1, -1, 6, 24, 34, 270, 264, 30, 204
74, 7.41624, -1.52791, 862, -1, -1, 15, 344, 203, 74, 145, 328, 79, 366, 292, 92, 314, 242, 376, 76, 234, 69
318, 7.464, -6.67881, 862, -1, -1, 9, 714, 715, 563, 547, 355, 418, 318, 262, 236
310, 7.48788, -0.89366, 862, -1, -1, 15, 230, 130, 12, 310, 163, 11, 256, 206, 197, 57, 42, 393, 336, 89, 129
116, 7.54859, -0.52922, 862, 0, 4, 19, 147, 84, 284, 215, 227, 349, 419, 238, 116, 388, 52, 91, 335, 72, 201, 180, 13, 239, 117
293, 7.55024, 3.17582, 862, -1, -1, 4, 193, 96, 293, 35
135, 7.55688, -0.228735, 862, -1, -1, 12, 389, 121, 354, 135, 381, 161, 64, 300, 317, 386, 185, 218
327, 7.55933, 0.598107, 862, -1, -1, 10, 153, 327, 123, 372, 10, 38, 14, 56, 265, 176
145, 7.568, -1.5908, 862, -1, -1, 15, 344, 203, 74, 145, 328, 79, 297, 366, 274, 292, 314, 299, 376, 234, 69
411, 7.56849, -0.736458, 862, 0, 4, 18, 267, 205, 284, 100, 95, 130, 311, 12, 411, 275, 197, 113, 211, 99, 16, 207, 336, 89
374, 7.58082, -2.22948, 862, 0, 5, 17, 390, 48, 244, 374, 50, 43, 5, 302, 249, 352, 356, 22, 51, 226, 333, 209, 94
50, 7.58597, -2.13659, 862, 1, 5, 21, 390, 47, 48, 359, 244, 374, 50, 43, 5, 189, 196, 302, 249, 312, 128, 51, 26, 367, 226, 209, 94
123, 7.5888, 0.596278, 862, -1, -1, 10, 153, 327, 123, 372, 10, 38, 14, 56, 265, 176
254, 7.59267, -1.98511, 862, 0, 5, 19, 280, 47, 359, 115, 254, 119, 365, 189, 400, 196, 322, 191, 258, 261, 128, 225, 383, 26, 73
216, 7.5937, -6.37405, 862, -1, -1, 8, 619, 751, 690, 800, 543, 216, 166, 87
288, 7.59806, -4.35385, 862, -1, -1, 10, 3, 174, 364, 342, 288, 80, 160, 44, 287, 377
241, 7.60144, 1.53806, 862, -1, -1, 6, 241, 416, 157, 65, 155, 122
43, 7.60214, -2.23978, 862, 0, 5, 17, 390, 48, 244, 374, 50, 43, 5, 302, 249, 352, 356, 22, 51, 226, 333, 209, 94
163, 7.6344, -1.01118, 862, -1, -1, 15, 382, 375, 310, 163, 90, 409, 256, 206, 57, 162, 42, 316, 393, 75, 129
353, 7.64167, 0.334297, 862, -1, -1, 12, 2, 353, 279, 127, 259, 167, 378, 219, 373, 237, 36, 141
328, 7.6429, -1.5797, 862, -1, -1, 15, 344, 203, 74, 145, 328, 79, 366, 292, 92, 314, 242, 376, 76, 234, 69
278, 7.64406, 0.777649, 862, -1, -1, 12, 402, 164, 153, 369, 98, 278, 229, 414, 240, 56, 307, 341
19, 7.64558, -4.89767, 862, -1, -1, 9, 574, 223, 350, 289, 19, 370, 83, 285, 165
103, 7.64632, 0.452481, 862, -1, -1, 13, 2, 154, 103, 279, 372, 127, 167, 219, 265, 176, 200, 36, 141
413, 7.64653, 0.987365, 862, -1, -1, 15, 407, 164, 413, 228, 132, 53, 140, 208, 146, 158, 17, 82, 54, 283, 68
79, 7.64768, -1.50731, 862, -1, -1, 16, 344, 417, 74, 145, 328, 79, 224, 292, 92, 314, 242, 304, 376, 70, 76, 69
282, 7.66022, -2.95654, 862, -1, -1, 9, 655, 246, 282, 23, 86, 334, 347, 343, 136
273, 7.69285, -1.1418, 862, -1, -1, 16, 382, 375, 273, 90, 409, 169, 395, 162, 124, 316, 187, 159, 126, 404, 40, 75
394, 7.71674, 3.79709, 862, -1, -1, 5, 120, 188, 385, 394, 15
228, 7.71886, 1.02051, 862, -1, -1, 13, 407, 413, 228, 132, 53, 140, 146, 158, 17, 82, 54, 283, 68
388, 7.72884, -0.54485, 862, 1, 4, 20, 147, 84, 284, 100, 215, 227, 349, 419, 238, 116, 388, 52, 335, 72, 201, 180, 99, 13, 239, 117
80, 7.73847, -4.43388, 862, -1, -1, 10, 3, 174, 364, 342, 288, 80, 160, 44, 287, 377
119, 7.73968, -1.98427, 862, 1, 5, 21, 280, 47, 359, 115, 254, 119, 291, 365, 400, 196, 322, 60, 105, 191, 258, 261, 225, 383, 26, 319, 73
416, 7.74409, 1.60212, 862, -1, -1, 7, 241, 416, 233, 157, 65, 155, 122
381, 7.74754, -0.337909, 862, -1, -1, 18, 389, 121, 248, 263, 135, 381, 184, 161, 64, 300, 317, 386, 91, 345, 305, 218, 25, 387
270, 7.79176, 1.31706, 862, -1, -1, 7, 24, 34, 270, 264, 30, 204, 351
245, 7.79254, -5.3341, 862, -1, -1, 5, 685, 245, 177, 61, 410
132, 7.79333, 1.11653, 862, -1, -1, 10, 407, 413, 228, 132, 53, 146, 158, 30, 54, 283
35, 7.80643, 3.19455, 862, -1, -1, 5, 220, 96, 293, 35, 325
358, 7.81457, 2.4583, 862, -1, -1, 8, 111, 257, 358, 315, 371, 320, 106, 406
264, 7.81919, 1.35419, 862, -1, -1, 6, 24, 34, 270, 264, 204, 351
315, 7.82819, 2.47594, 862, -1, -1, 8, 111, 257, 358, 315, 371, 320, 106, 406
297, 7.84139, -1.76111, 862, 0, 5, 17, 344, 85, 203, 408, 145, 297, 366, 357, 232, 274, 9, 221, 299, 376, 296, 110, 234
276, 7.84654, -2.71238, 862, -1, -1, 11, 170, 33, 235, 276, 403, 118, 131, 171, 324, 214, 212
403, 7.85579, -2.62985, 862, -1, -1, 11, 170, 33, 235, 276, 403, 118, 148, 339, 131, 171, 324
166, 7.85773, -6.72987, 862, -1, -1, 8, 751, 690, 800, 355, 216, 166, 236, 87
291, 7.87167, -1.91031, 862, 1, 5, 20, 115, 85, 408, 119, 291, 152, 396, 232, 60, 105, 9, 221, 258, 261, 225, 277, 383, 296, 319, 73
366, 7.88209, -1.68225, 862, -1, -1, 16, 344, 203, 74, 145, 328, 297, 366, 357, 274, 9, 292, 299, 376, 110, 234, 69
160, 7.8959, -4.43924, 862, -1, -1, 9, 364, 288, 80, 160, 45, 399, 44, 287, 377
11, 7.90183, -0.888256, 862, -1, -1, 13, 267, 230, 130, 12, 310, 11, 256, 206, 197, 57, 393, 336, 89
90, 7.91054, -1.08779, 862, -1, -1, 14, 382, 375, 163, 273, 90, 409, 206, 57, 162, 42, 316, 40, 75, 129
365, 7.91153, -2.09279, 862, 1, 5, 21, 280, 47, 359, 115, 254, 119, 365, 189, 400, 196, 322, 191, 312, 258, 261, 128, 225, 383, 26, 367, 73
81, 7.92336, -6.30531, 862, -1, -1, 8, 745, 657, 510, 561, 192, 81, 199, 78
184, 7.93712, -0.396255, 862, -1, -1, 16, 121, 227, 248, 263, 381, 184, 386, 52, 91, 345, 201, 305, 218, 117, 25, 387
152, 7.94977, -1.9159, 862, 0, 5, 19, 115, 85, 408, 291, 152, 396, 357, 232, 60, 105, 9, 221, 258, 261, 277, 383, 296, 319, 73
279, 7.95629, 0.375423, 862, -1, -1, 15, 2, 154, 353, 103, 279, 127, 259, 167, 378, 219, 200, 373, 237, 36, 141
23, 7.9565, -3.16253, 862, -1, -1, 10, 246, 55, 282, 23, 309, 384, 86, 334, 343, 136
396, 7.96101, -1.90801, 862, 0, 5, 19, 115, 85, 408, 291, 152, 396, 357, 232, 60, 105, 9, 221, 258, 261, 277, 383, 296, 110, 319
177, 8.00377, -5.53162, 862, -1, -1, 6, 603, 685, 245, 177, 61, 332
224, 8.01368, -1.47325, 862, -1, -1, 15, 417, 79, 224, 8, 92, 314, 242, 304, 391, 173, 331, 172, 70, 76, 114
5, 8.01686, -2.26484, 862, 1, 5, 21, 390, 47, 48, 359, 244, 374, 50, 43, 5, 189, 196, 302, 249, 312, 128, 51, 26, 367, 226, 209, 94
281, 8.02071, -4.79464, 862, -1, -1, 8, 3, 174, 342, 281, 0, 63, 7, 412
0, 8.04731, -4.88662, 862, -1, -1, 7, 174, 281, 0, 63, 83, 7, 412
53, 8.07383, 1.14914, 862, -1, -1, 10, 407, 413, 228, 132, 53, 146, 158, 30, 54, 283
190, 8.07584, -3.88074, 862, -1, -1, 7, 250, 109, 294, 190, 67, 231, 137
189, 8.08902, -2.21061, 862, 1, 5, 21, 280, 390, 47, 48, 359, 50, 254, 365, 5, 189, 400, 196, 322, 302, 191, 312, 128, 51, 26, 367, 94
357, 8.10476, -1.83541, 862, 0, 5, 17, 85, 203, 408, 297, 366, 152, 396, 357, 232, 274, 9, 221, 299, 277, 296, 110, 234
161, 8.10868, -0.261993, 862, -1, -1, 12, 389, 121, 135, 381, 161, 64, 300, 317, 386, 185, 218, 387
409, 8.1349, -1.14398, 862, -1, -1, 14, 382, 375, 163, 273, 90, 409, 162, 42, 316, 187, 404, 40, 75, 129
243, 8.14169, -3.76076, 862, -1, -1, 8, 179, 210, 217, 243, 67, 231, 326, 348
256, 8.15177, -0.971521, 862, -1, -1, 15, 230, 130, 12, 310, 163, 11, 256, 206, 197, 57, 42, 393, 336, 89, 129
143, 8.17629, -0.00301371, 862, -1, -1, 8, 29, 37, 39, 338, 143, 298, 46, 108
262, 8.17944, -7.25172, 862, -1, -1, 8, 714, 715, 547, 355, 418, 318, 262, 236
372, 8.18207, 0.597941, 862, -1, -1, 11, 154, 327, 123, 103, 372, 10, 38, 14, 265, 176, 200
64, 8.18246, -0.25343, 862, -1, -1, 12, 389, 121, 354, 135, 381, 161, 64, 300, 317, 386, 185, 218
229, 8.19038, 0.803325, 862, -1, -1, 12, 402, 153, 369, 98, 278, 229, 414, 240, 10, 56, 307, 341
309, 8.19611, -3.32524, 862, -1, -1, 8, 246, 55, 23, 309, 384, 86, 334, 136
414, 8.19976, 0.834494, 862, -1, -1, 12, 402, 164, 153, 369, 98, 278, 229, 414, 240, 56, 307, 341
169, 8.22174, -1.30255, 862, -1, -1, 13, 382, 273, 169, 395, 172, 124, 187, 159, 112, 126, 114, 404, 40
240, 8.22527, 0.905327, 862, -1, -1, 14, 402, 164, 369, 98, 278, 229, 414, 240, 208, 17, 82, 307, 68, 341
20, 8.22954, -2.59089, 862, -1, -1, 11, 20, 148, 107, 339, 352, 356, 22, 182, 346, 272, 333
199, 8.2301, -6.47759, 862, -1, -1, 7, 631, 657, 510, 561, 81, 199, 78
380, 8.23015, 0.115791, 862, -1, -1, 16, 37, 39, 222, 380, 150, 298, 46, 21, 108, 104, 181, 363, 303, 295, 18, 183
395, 8.25726, -1.31653, 862, -1, -1, 13, 382, 273, 169, 395, 172, 124, 187, 159, 112, 126, 114, 404, 40
398, 8.26775, -6.29172, 862, -1, -1, 9, 631, 530, 649, 657, 361, 360, 290, 398, 78
127, 8.27424, 0.421787, 862, -1, -1, 14, 2, 154, 353, 103, 279, 127, 167, 378, 219, 200, 373, 237, 36, 141
140, 8.27782, 1.04327, 862, -1, -1, 12, 407, 164, 413, 228, 140, 208, 146, 158, 17, 82, 283, 68
371, 8.2868, 2.69691, 862, -1, -1, 8, 111, 257, 358, 315, 371, 320, 106, 406
10, 8.28997, 0.706405, 862, -1, -1, 10, 402, 153, 327, 123, 372, 229, 10, 38, 14, 56
300, 8.30446, -0.265564, 862, -1, -1, 11, 389, 121, 135, 381, 161, 64, 300, 317, 386, 185, 218
320, 8.30825, 2.60605, 862, -1, -1, 9, 269, 111, 257, 358, 315, 371, 320, 106, 406
63, 8.31072, -4.95844, 862, -1, -1, 8, 3, 174, 342, 281, 0, 63, 7, 412
400, 8.31568, -2.18958, 862, 1, 5, 20, 280, 47, 359, 115, 254, 119, 365, 189, 400, 196, 322, 191, 258, 261, 128, 225, 383, 26, 367, 73
59, 8.31818, 2.45892, 862, -1, -1, 4, 269, 59, 266, 306
259, 8.32031, 0.290075, 862, -1, -1, 14, 222, 353, 279, 259, 167, 150, 21, 378, 104, 363, 373, 237, 183, 97
15, 8.32337, 4.08369, 862, -1, -1, 5, 120, 188, 385, 394, 15
167, 8.32597, 0.399484, 862, -1, -1, 15, 2, 154, 353, 103, 279, 127, 259, 167, 378, 219, 200, 373, 237, 36, 141
150, 8.32882, 0.215972, 862, -1, -1, 14, 222, 380, 259, 150, 21, 104, 181, 363, 303, 295, 237, 18, 183, 97
106, 8.33068, 2.61018, 862, -1, -1, 9, 269, 111, 257, 358, 315, 371, 320, 106, 406
208, 8.34141, 0.98093, 862, -1, -1, 12, 407, 164, 98, 413, 240, 140, 208, 17, 82, 283, 68, 341
321, 8.34668, 2.8482, 862, -1, -1, 2, 321, 401
232, 8.35329, -1.97612, 862, 1, 5, 20, 85, 408, 297, 291, 152, 396, 357, 232, 274, 60, 105, 9, 221, 299, 258, 261, 277, 296, 110, 319
194, 8.3592, 1.96, 862, -1, -1, 11, 134, 66, 308, 71, 405, 194, 397, 213, 175, 4, 198
45, 8.36149, -4.5666, 862, -1, -1, 9, 313, 186, 160, 45, 399, 287, 149, 156, 377
196, 8.37233, -2.23977, 862, 1, 5, 20, 280, 47, 359, 50, 254, 119, 365, 5, 189, 400, 196, 322, 191, 312, 128, 225, 383, 26, 367, 73
298, 8.41698, 0.0161595, 862, -1, -1, 10, 29, 37, 39, 338, 143, 380, 298, 46, 108, 181
146, 8.42283, 1.14002, 862, -1, -1, 11, 407, 413, 228, 132, 53, 140, 146, 158, 17, 54, 283
158, 8.42768, 1.13994, 862, -1, -1, 11, 407, 413, 228, 132, 53, 140, 146, 158, 17, 54, 283
397, 8.43385, 1.97165, 862, -1, -1, 10, 134, 66, 308, 71, 405, 194, 397, 175, 4, 198
236, 8.43819, -7.39423, 862, -1, -1, 9, 714, 715, 355, 418, 318, 166, 262, 236, 87
17, 8.43905, 1.03966, 862, -1, -1, 14, 407, 164, 98, 413, 228, 240, 140, 208, 146, 158, 17, 82, 283, 68
274, 8.44339, -1.89379, 862, 0, 5, 17, 344, 85, 203, 408, 145, 297, 366, 357, 232, 274, 9, 221, 299, 376, 296, 110, 234
322, 8.45801, -2.23475, 862, 1, 5, 21, 280, 47, 359, 115, 254, 119, 365, 189, 400, 196, 322, 191, 312, 258, 261, 128, 225, 383, 26, 367, 73
323, 8.46299, 3.25267, 862, -1, -1, 6, 220, 420, 41, 323, 379, 325
302, 8.4733, -2.40133, 862, 0, 5, 19, 390, 48, 359, 244, 374, 50, 43, 5, 189, 302, 249, 312, 128, 51, 26, 367, 226, 209, 94
213, 8.48703, 2.11388, 862, -1, -1, 9, 28, 134, 66, 405, 194, 213, 329, 175, 198
249, 8.49592, -2.45781, 862, 0, 5, 18, 390, 48, 244, 374, 50, 43, 5, 302, 249, 352, 312, 356, 51, 367, 226, 333, 209, 94
38, 8.50854, 0.628461, 862, -1, -1, 10, 154, 327, 123, 372, 10, 38, 14, 265, 176, 200
317, 8.52541, -0.284341, 862, -1, -1, 14, 389, 121, 248, 135, 381, 161, 64, 300, 317, 386, 345, 185, 218, 387
8, 8.5259, -1.55089, 862, -1, -1, 13, 417, 224, 8, 92, 242, 304, 391, 173, 331, 172, 70, 76, 114
49, 8.52811, 4.67163, 862, -1, -1, 2, 139, 49
401, 8.53476, 2.97269, 862, -1, -1, 4, 321, 401, 101, 102
61, 8.53503, -5.78822, 862, -1, -1, 5, 685, 245, 177, 61, 410
101, 8.54799, 3.08994, 862, -1, -1, 6, 420, 41, 368, 401, 101, 102
82, 8.55215, 1.02912, 862, -1, -1, 12, 407, 164, 98, 413, 228, 240, 140, 208, 17, 82, 283, 68
67, 8.55303, -4.08889, 862, -1, -1, 7, 109, 294, 190, 243, 67, 231, 137
337, 8.55505, 4.4396, 862, -1, -1, 5, 139, 260, 337, 62, 32
118, 8.56338, -2.94232, 862, -1, -1, 10, 170, 33, 235, 276, 403, 118, 339, 131, 171, 324
329, 8.57786, 2.16751, 862, -1, -1, 6, 28, 134, 213, 329, 168, 198
233, 8.5802, 1.87647, 862, -1, -1, 8, 71, 416, 233, 157, 4, 65, 155, 122
60, 8.59704, -2.09505, 862, 0, 5, 19, 115, 85, 408, 119, 291, 152, 396, 232, 60, 105, 221, 258, 261, 225, 277, 383, 296, 319, 73
399, 8.60059, -4.75267, 862, -1, -1, 9, 313, 364, 160, 45, 399, 44, 287, 149, 377
105, 8.6011, -2.11131, 862, 0, 5, 19, 115, 85, 408, 119, 291, 152, 396, 232, 60, 105, 191, 258, 261, 225, 277, 383, 296, 319, 73
379, 8.61147, 3.37797, 862, -1, -1, 4, 220, 323, 379, 325
386, 8.61913, -0.32587, 862, -1, -1, 16, 389, 121, 248, 263, 135, 381, 184, 161, 64, 300, 317, 386, 345, 218, 25, 387
44, 8.62179, -4.88772, 862, -1, -1, 9, 364, 342, 288, 80, 160, 399, 44, 287, 377
206, 8.62758, -1.08039, 862, -1, -1, 13, 230, 310, 163, 11, 90, 256, 206, 197, 57, 162, 42, 393, 129
46, 8.63232, 0.0943378, 862, -1, -1, 14, 37, 39, 222, 143, 380, 298, 46, 21, 108, 104, 181, 303, 295, 18
9, 8.63238, -1.97034, 862, 0, 5, 19, 85, 203, 408, 297, 291, 366, 152, 396, 357, 232, 274, 9, 221, 299, 277, 296, 110, 319, 234
148, 8.65172, -2.78889, 862, -1, -1, 11, 235, 403, 20, 148, 107, 339, 131, 22, 182, 346, 272
52, 8.65448, -0.523772, 862, 0, 4, 19, 147, 227, 349, 248, 263, 238, 116, 388, 184, 52, 91, 345, 335, 72, 201, 305, 117, 25, 387
191, 8.675, -2.25913, 862, 1, 5, 20, 280, 47, 359, 115, 254, 119, 365, 189, 400, 196, 322, 105, 191, 258, 261, 128, 225, 383, 26, 73
231, 8.68288, -4.1316, 862, -1, -1, 7, 109, 294, 190, 243, 67, 231, 137
330, 8.68834, -0.137646, 862, -1, -1, 5, 29, 338, 354, 330, 185
107, 8.6887, -2.72417, 862, -1, -1, 10, 20, 148, 107, 352, 356, 22, 182, 346, 272, 333
339, 8.69296, -2.86581, 862, -1, -1, 10, 170, 235, 403, 20, 118, 148, 339, 131, 324, 272
91, 8.72444, -0.488243, 862, -1, -1, 19, 147, 227, 349, 248, 263, 238, 116, 381, 184, 52, 91, 345, 335, 201, 305, 218, 117, 25, 387
287, 8.73212, -4.86762, 862, -1, -1, 11, 313, 364, 288, 80, 160, 45, 399, 44, 287, 149, 377
292, 8.73815, -1.81226, 862, -1, -1, 15, 344, 203, 74, 145, 328, 79, 366, 292, 92, 314, 242, 376, 76, 234, 69
92, 8.7434, -1.68898, 862, -1, -1, 15, 417, 74, 328, 79, 224, 8, 292, 92, 314, 242, 304, 331, 70, 76, 69
345, 8.74912, -0.407762, 862, -1, -1, 16, 389, 121, 248, 263, 381, 184, 317, 386, 52, 91, 345, 201, 305, 218, 25, 387
157, 8.75096, 1.85807, 862, -1, -1, 9, 71, 241, 416, 233, 157, 4, 65, 155, 122
149, 8.76908, -4.75674, 862, -1, -1, 7, 313, 186, 45, 399, 287, 149, 156
370, 8.78565, -5.70677, 862, -1, -1, 9, 574, 223, 350, 289, 19, 370, 410, 285, 165
14, 8.79674, 0.706112, 862, -1, -1, 9, 153, 327, 123, 372, 10, 38, 14, 56, 176
21, 8.80164, 0.217603, 862, -1, -1, 14, 222, 380, 259, 150, 46, 21, 104, 181, 363, 303, 295, 18, 183, 97
275, 8.82283, -0.766134, 862, 0, 4, 19, 267, 205, 84, 284, 100, 215, 95, 311, 419, 411, 275, 113, 211, 180, 99, 13, 239, 16, 207
62, 8.82572, 4.51317, 862, -1, -1, 4, 260, 337, 62, 32
131, 8.82901, -2.98353, 862, -1, -1, 11, 170, 33, 235, 276, 403, 118, 148, 339, 131, 171, 324
175, 8.8326, 2.07759, 862, -1, -1, 11, 134, 66, 308, 71, 405, 194, 397, 213, 175, 4, 198
168, 8.83376, 2.33812, 862, -1, -1, 4, 28, 329, 168, 1
415, 8.8348, 5.12859, 862, -1, -1, 1, 415
197, 8.83886, -0.980635, 862, -1, -1, 14, 267, 230, 130, 12, 310, 411, 11, 256, 206, 197, 57, 393, 336, 89
56, 8.84712, 0.805192, 862, -1, -1, 13, 402, 153, 369, 327, 123, 278, 229, 414, 10, 14, 56, 307, 341
314, 8.85644, -1.74633, 862, -1, -1, 16, 344, 417, 74, 145, 328, 79, 224, 292, 92, 314, 242, 304, 376, 70, 76, 69
221, 8.86143, -2.03025, 862, 0, 5, 18, 85, 408, 297, 291, 152, 396, 357, 232, 274, 60, 9, 221, 299, 277, 296, 110, 319, 234
171, 8.86261, -3.06555, 862, -1, -1, 11, 170, 33, 235, 276, 403, 118, 131, 171, 324, 214, 212
352, 8.87869, -2.69685, 862, -1, -1, 15, 244, 374, 43, 20, 249, 107, 352, 356, 22, 182, 346, 272, 226, 333, 209
77, 8.887, 5.581, 862, -1, -1, 2, 247, 77
83, 8.89508, -5.53115, 862, -1, -1, 8, 223, 350, 289, 19, 0, 83, 285, 165
299, 8.89775, -1.9771, 862, 0, 5, 17, 344, 85, 203, 408, 145, 297, 366, 357, 232, 274, 9, 221, 299, 376, 296, 110, 234
242, 8.90097, -1.73917, 862, -1, -1, 14, 417, 74, 328, 79, 224, 8, 292, 92, 314, 242, 304, 70, 76, 69
156, 8.92996, -4.7527, 862, -1, -1, 10, 782, 313, 362, 301, 186, 45, 149, 156, 268, 392
113, 8.97819, -0.819641, 862, 1, 4, 20, 267, 205, 84, 284, 100, 215, 95, 311, 419, 411, 275, 113, 211, 180, 99, 13, 239, 16, 207, 89
108, 8.9796, 0.0784963, 862, -1, -1, 12, 37, 39, 143, 380, 298, 46, 108, 104, 181, 303, 295, 18
312, 8.99308, -2.50514, 862, 0, 5, 19, 390, 47, 48, 359, 244, 50, 365, 5, 189, 196, 322, 302, 249, 312, 128, 51, 26, 367, 94
384, 9.00715, -3.63927, 862, -1, -1, 8, 246, 55, 23, 309, 384, 86, 334, 136
356, 9.01732, -2.74259, 862, -1, -1, 15, 244, 374, 43, 20, 249, 107, 352, 356, 22, 182, 346, 272, 226, 333, 209
378, 9.01841, 0.392305, 862, -1, -1, 12, 2, 353, 279, 127, 259, 167, 378, 219, 373, 237, 36, 141
326, 9.03829, -4.05622, 862, -1, -1, 10, 179, 210, 217, 243, 326, 251, 253, 178, 348, 138
304, 9.04471, -1.65745, 862, -1, -1, 15, 417, 79, 224, 8, 92, 314, 242, 304, 391, 173, 331, 172, 70, 76, 114
219, 9.04671, 0.508026, 862, -1, -1, 14, 2, 154, 353, 103, 279, 127, 167, 378, 219, 265, 176, 200, 36, 141
391, 9.05975, -1.5838, 862, -1, -1, 13, 417, 224, 8, 304, 391, 173, 331, 172, 124, 70, 112, 126, 114
144, 9.08218, 4.29567, 862, -1, -1, 5, 202, 188, 385, 144, 27
4, 9.09493, 2.02836, 862, -1, -1, 11, 66, 308, 71, 405, 194, 397, 233, 157, 175, 4, 155
173, 9.10141, -1.59429, 862, -1, -1, 12, 417, 224, 8, 304, 391, 173, 331, 172, 124, 70, 112, 114
268, 9.11998, -4.71496, 862, -1, -1, 9, 782, 362, 301, 31, 186, 156, 268, 340, 392
340, 9.13622, -4.59154, 862, -1, -1, 7, 250, 362, 31, 268, 340, 137, 392
265, 9.15234, 0.602795, 862, -1, -1, 13, 2, 154, 327, 123, 103, 372, 38, 219, 265, 176, 200, 36, 141
258, 9.16314, -2.29781, 862, 1, 5, 21, 280, 115, 254, 119, 291, 365, 152, 396, 400, 232, 322, 60, 105, 191, 258, 261, 225, 277, 383, 319, 73
261, 9.16722, -2.29979, 862, 1, 5, 21, 280, 115, 254, 119, 291, 365, 152, 396, 400, 232, 322, 60, 105, 191, 258, 261, 225, 277, 383, 319, 73
57, 9.17578, -1.14853, 862, -1, -1, 13, 230, 310, 163, 11, 90, 256, 206, 197, 57, 162, 42, 393, 129
332, 9.18142, -6.48471, 862, -1, -1, 3, 603, 177, 332
251, 9.19498, -4.00992, 862, -1, -1, 6, 326, 251, 253, 178, 348, 138
253, 9.19646, -4.07159, 862, -1, -1, 9, 179, 210, 217, 326, 251, 253, 178, 348, 138
185, 9.21533, -0.21478, 862, -1, -1, 10, 389, 338, 354, 135, 161, 64, 300, 317, 330, 185
211, 9.21597, -0.847894, 862, 1, 4, 20, 267, 205, 84, 284, 100, 215, 95, 311, 419, 411, 275, 113, 211, 180, 99, 13, 239, 16, 207, 89
331, 9.21669, -1.65753, 862, -1, -1, 12, 417, 224, 8, 92, 304, 391, 173, 331, 172, 70, 112, 114
104, 9.21912, 0.197608, 862, -1, -1, 16, 39, 222, 380, 259, 150, 46, 21, 108, 104, 181, 363, 303, 295, 18, 183, 97
172, 9.23656, -1.56509, 862, -1, -1, 14, 224, 169, 395, 8, 304, 391, 173, 331, 172, 124, 159, 112, 126, 114
335, 9.25388, -0.598261, 862, 0, 4, 13, 147, 227, 349, 238, 116, 388, 52, 91, 335, 72, 201, 305, 117
78, 9.25853, -7.16143, 862, -1, -1, 11, 631, 530, 649, 657, 361, 360, 290, 81, 199, 398, 78
86, 9.26061, -3.68983, 862, -1, -1, 10, 246, 55, 282, 23, 309, 384, 86, 334, 343, 136
128, 9.26922, -2.5318, 862, 1, 5, 21, 280, 390, 47, 48, 359, 50, 254, 365, 5, 189, 400, 196, 322, 302, 191, 312, 128, 51, 26, 367, 94
22, 9.27446, -2.85584, 862, -1, -1, 15, 244, 374, 43, 20, 148, 107, 352, 356, 22, 182, 346, 272, 226, 333, 209
51, 9.29786, -2.65974, 862, 0, 5, 17, 390, 48, 244, 374, 50, 43, 5, 189, 302, 249, 312, 128, 51, 367, 226, 209, 94
137, 9.33372, -4.59182, 862, -1, -1, 8, 250, 109, 294, 190, 67, 231, 340, 137
87, 9.33413, -8.03635, 862, -1, -1, 6, 690, 355, 216, 166, 236, 87
334, 9.33799, -3.68041, 862, -1, -1, 9, 246, 282, 23, 309, 384, 86, 334, 343, 136
176, 9.35763, 0.653313, 862, -1, -1, 12, 154, 327, 123, 103, 372, 38, 14, 219, 265, 176, 200, 141
324, 9.37767, -3.18307, 862, -1, -1, 10, 170, 33, 235, 276, 403, 118, 339, 131, 171, 324
225, 9.38482, -2.41798, 862, 1, 5, 21, 280, 47, 359, 115, 254, 119, 291, 365, 400, 196, 322, 60, 105, 191, 258, 261, 225, 383, 26, 319, 73
72, 9.41639, -0.680316, 862, 1, 4, 20, 147, 84, 284, 100, 215, 227, 349, 419, 238, 116, 388, 52, 335, 72, 201, 180, 99, 13, 239, 117
201, 9.45646, -0.560136, 862, 0, 4, 19, 147, 227, 349, 248, 263, 238, 116, 388, 184, 52, 91, 345, 335, 72, 201, 305, 117, 25, 387
377, 9.46568, -5.33724, 862, -1, -1, 9, 364, 288, 80, 160, 45, 399, 44, 287, 377
178, 9.48813, -4.12359, 862, -1, -1, 6, 326, 251, 253, 178, 348, 138
102, 9.49333, 3.42415, 862, -1, -1, 6, 420, 41, 368, 401, 101, 102
181, 9.4976, 0.152342, 862, -1, -1, 16, 39, 222, 380, 150, 298, 46, 21, 108, 104, 181, 363, 303, 295, 18, 183, 97
277, 9.50196, -2.27604, 862, 0, 5, 19, 115, 85, 408, 291, 152, 396, 357, 232, 60, 105, 9, 221, 258, 261, 277, 383, 296, 110, 319
180, 9.50472, -0.765174, 862, 1, 4, 21, 147, 84, 284, 100, 215, 95, 349, 311, 419, 116, 388, 275, 113, 211, 72, 180, 99, 13, 239, 16, 207
363, 9.50666, 0.266067, 862, -1, -1, 15, 222, 380, 259, 150, 21, 104, 181, 363, 303, 295, 373, 237, 18, 183, 97
214, 9.50888, -3.43224, 862, -1, -1, 8, 655, 33, 255, 276, 171, 214, 212, 93
347, 9.51543, -3.59, 862, -1, -1, 7, 655, 246, 255, 282, 347, 343, 93
162, 9.52777, -1.32396, 862, -1, -1, 14, 382, 375, 163, 273, 90, 409, 206, 57, 162, 42, 316, 40, 75, 129
182, 9.54728, -2.98279, 862, -1, -1, 10, 20, 148, 107, 352, 356, 22, 182, 346, 272, 333
383, 9.54941, -2.42887, 862, 1, 5, 23, 280, 47, 115, 254, 119, 291, 365, 152, 396, 400, 196, 322, 60, 105, 191, 258, 261, 225, 277, 383, 26, 319, 73
99, 9.55187, -0.809177, 862, 1, 4, 21, 267, 205, 84, 284, 100, 215, 95, 311, 419, 411, 388, 275, 113, 211, 72, 180, 99, 13, 239, 16, 207
303, 9.56531, 0.191191, 862, -1, -1, 15, 39, 222, 380, 150, 46, 21, 108, 104, 181, 363, 303, 295, 18, 183, 97
200, 9.57437, 0.585527, 862, -1, -1, 14, 2, 154, 103, 279, 372, 127, 167, 38, 219, 265, 176, 200, 36, 141
26, 9.5922, -2.58048, 862, 1, 5, 22, 280, 390, 47, 359, 50, 254, 119, 365, 5, 189, 400, 196, 322, 302, 191, 312, 128, 225, 383, 26, 367, 73
343, 9.59252, -3.70169, 862, -1, -1, 9, 655, 246, 282, 23, 86, 334, 347, 343, 136
305, 9.6138, -0.536364, 862, -1, -1, 18, 147, 227, 349, 248, 263, 238, 381, 184, 52, 91, 345, 335, 201, 305, 218, 117, 25, 387
410, 9.61597, -6.38591, 862, -1, -1, 6, 574, 685, 245, 61, 370, 410
30, 9.62282, 1.48769, 862, -1, -1, 7, 34, 270, 132, 53, 30, 54, 204
218, 9.63069, -0.425673, 862, -1, -1, 18, 389, 121, 248, 263, 135, 381, 184, 161, 64, 300, 317, 386, 91, 345, 305, 218, 25, 387
295, 9.63101, 0.19171, 862, -1, -1, 15, 39, 222, 380, 150, 46, 21, 108, 104, 181, 363, 303, 295, 18, 183, 97
65, 9.65633, 1.97728, 862, -1, -1, 7, 241, 416, 233, 157, 65, 155, 122
376, 9.67637, -2.0346, 862, -1, -1, 15, 344, 203, 74, 145, 328, 79, 297, 366, 274, 292, 314, 299, 376, 234, 69
13, 9.67965, -0.771563, 862, 1, 4, 21, 147, 84, 284, 100, 215, 349, 311, 419, 238, 116, 388, 275, 113, 211, 72, 180, 99, 13, 239, 16, 207
155, 9.68758, 2.02541, 862, -1, -1, 8, 241, 416, 233, 157, 4, 65, 155, 122
239, 9.68972, -0.783077, 862, 1, 4, 21, 147, 84, 284, 100, 215, 95, 349, 311, 419, 116, 388, 275, 113, 211, 72, 180, 99, 13, 239, 16, 207
32, 9.69823, 5.00318, 862, -1, -1, 5, 139, 260, 337, 62, 32
285, 9.70786, -6.13769, 862, -1, -1, 8, 223, 350, 289, 19, 370, 83, 285, 165
124, 9.7318, -1.58389, 862, -1, -1, 13, 273, 169, 395, 391, 173, 172, 124, 187, 159, 112, 126, 114, 404
42, 9.73731, -1.24028, 862, -1, -1, 13, 230, 310, 163, 90, 409, 256, 206, 57, 162, 42, 393, 75, 129
27, 9.73777, 4.52998, 862, -1, -1, 4, 202, 188, 144, 27
373, 9.75035, 0.392918, 862, -1, -1, 12, 2, 353, 279, 127, 259, 167, 378, 363, 373, 237, 36, 97
198, 9.75976, 2.39212, 862, -1, -1, 11, 28, 134, 66, 308, 405, 194, 397, 213, 329, 175, 198
237, 9.76415, 0.383676, 862, -1, -1, 14, 2, 353, 279, 127, 259, 167, 150, 378, 363, 373, 237, 36, 183, 97
346, 9.77424, -3.04437, 862, -1, -1, 10, 20, 148, 107, 352, 356, 22, 182, 346, 272, 333
18, 9.78637, 0.184881, 862, -1, -1, 15, 39, 222, 380, 150, 46, 21, 108, 104, 181, 363, 303, 295, 18, 183, 97
296, 9.81206, -2.26452, 862, 0, 5, 18, 85, 408, 297, 291, 152, 396, 357, 232, 274, 60, 105, 9, 221, 299, 277, 296, 110, 319
110, 9.81484, -2.21538, 862, 0, 5, 16, 85, 203, 408, 297, 366, 396, 357, 232, 274, 9, 221, 299, 277, 296, 110, 234
16, 9.81871, -0.849995, 862, 0, 4, 19, 267, 205, 84, 284, 100, 215, 95, 311, 419, 411, 275, 113, 211, 180, 99, 13, 239, 16, 207
348, 9.84494, -4.43637, 862, -1, -1, 10, 179, 210, 217, 243, 326, 251, 253, 178, 348, 138
54, 9.8528, 1.39256, 862, -1, -1, 10, 407, 413, 228, 132, 53, 146, 158, 30, 54, 283
138, 9.88245, -4.36024, 862, -1, -1, 9, 179, 210, 217, 326, 251, 253, 178, 348, 138
165, 9.94383, -6.27115, 862, -1, -1, 8, 223, 350, 289, 19, 370, 83, 285, 165
6, 9.95815, 6.67136, 862, -1, -1, 1, 6
204, 9.95839, 1.60826, 862, -1, -1, 6, 24, 34, 270, 264, 30, 204
117, 9.98119, -0.639174, 862, 0, 4, 15, 147, 227, 349, 263, 238, 116, 388, 184, 52, 91, 335, 72, 201, 305, 117
70, 9.9861, -1.87648, 862, -1, -1, 14, 417, 79, 224, 8, 92, 314, 242, 304, 391, 173, 331, 70, 76, 69
272, 9.98612, -3.15906, 862, -1, -1, 11, 20, 148, 107, 339, 352, 356, 22, 182, 346, 272, 333
392, 9.98662, -5.15523, 862, -1, -1, 9, 782, 362, 301, 31, 186, 156, 268, 340, 392
316, 9.99096, -1.41874, 862, -1, -1, 14, 382, 375, 163, 273, 90, 409, 162, 316, 187, 159, 404, 40, 75, 129
58, 10.0153, 4.45207, 862, -1, -1, 2, 193, 58
283, 10.0189, 1.31183, 862, -1, -1, 14, 407, 413, 228, 132, 53, 140, 208, 146, 158, 17, 82, 54, 283, 68
136, 10.0207, -3.94477, 862, -1, -1, 9, 246, 282, 23, 309, 384, 86, 334, 343, 136
367, 10.0354, -2.78633, 862, 0, 5, 19, 390, 47, 48, 359, 50, 365, 5, 189, 400, 196, 322, 302, 249, 312, 128, 51, 26, 367, 94
212, 10.0438, -3.6277, 862, -1, -1, 8, 655, 33, 255, 276, 171, 214, 212, 93
36, 10.0482, 0.524928, 862, -1, -1, 15, 2, 154, 353, 103, 279, 127, 167, 378, 219, 265, 200, 373, 237, 36, 141
207, 10.0574, -0.941047, 862, 1, 4, 21, 267, 205, 84, 284, 100, 215, 95, 130, 311, 419, 411, 275, 113, 211, 180, 99, 13, 239, 16, 207, 89
7, 10.073, -5.96494, 862, -1, -1, 8, 3, 174, 342, 281, 0, 63, 7, 412
393, 10.0768, -1.21734, 862, -1, -1, 14, 230, 130, 12, 310, 163, 11, 256, 206, 197, 57, 42, 393, 336, 129
183, 10.0872, 0.256121, 862, -1, -1, 14, 222, 380, 259, 150, 21, 104, 181, 363, 303, 295, 237, 18, 183, 97
307, 10.164, 1.04735, 862, -1, -1, 12, 402, 164, 153, 369, 98, 278, 229, 414, 240, 56, 307, 341
187, 10.1684, -1.56355, 862, -1, -1, 15, 382, 375, 273, 409, 169, 395, 124, 316, 187, 159, 112, 126, 404, 40, 75
406, 10.2807, 3.34111, 862, -1, -1, 8, 111, 257, 358, 315, 371, 320, 106, 406
122, 10.3891, 2.13512, 862, -1, -1, 7, 241, 416, 233, 157, 65, 155, 122
76, 10.4984, -2.0423, 862, -1, -1, 14, 417, 74, 328, 79, 224, 8, 292, 92, 314, 242, 304, 70, 76, 69
266, 10.5076, 3.06349, 862, -1, -1, 4, 269, 59, 266, 306
25, 10.5153, -0.505739, 862, -1, -1, 14, 121, 248, 263, 381, 184, 386, 52, 91, 345, 201, 305, 218, 25, 387
159, 10.6104, -1.65432, 862, -1, -1, 14, 382, 375, 273, 169, 395, 172, 124, 316, 187, 159, 112, 126, 404, 40
226, 10.6213, -3.13643, 862, 0, 5, 17, 390, 48, 244, 374, 50, 43, 5, 302, 249, 352, 356, 22, 51, 226, 333, 209, 94
112, 10.6438, -1.77971, 862, -1, -1, 13, 169, 395, 391, 173, 331, 172, 124, 187, 159, 112, 126, 114, 404
126, 10.6456, -1.70854, 862, -1, -1, 14, 382, 273, 169, 395, 391, 172, 124, 187, 159, 112, 126, 114, 404, 40
351, 10.6627, 1.94719, 862, -1, -1, 4, 24, 270, 264, 351
93, 10.6764, -3.88999, 862, -1, -1, 7, 655, 33, 255, 214, 347, 212, 93
306, 10.6863, 3.14595, 862, -1, -1, 4, 269, 59, 266, 306
114, 10.6987, -1.83115, 862, -1, -1, 13, 224, 169, 395, 8, 304, 391, 173, 331, 172, 124, 112, 126, 114
412, 10.7547, -6.38763, 862, -1, -1, 8, 3, 174, 342, 281, 0, 63, 7, 412
404, 10.7567, -1.65997, 862, -1, -1, 14, 382, 375, 273, 409, 169, 395, 124, 316, 187, 159, 112, 126, 404, 40
333, 10.7658, -3.27219, 862, -1, -1, 15, 244, 374, 43, 20, 249, 107, 352, 356, 22, 182, 346, 272, 226, 333, 209
319, 10.8446, -2.63375, 862, 1, 5, 20, 115, 85, 408, 119, 291, 152, 396, 232, 60, 105, 9, 221, 258, 261, 225, 277, 383, 296, 319, 73
325, 10.9147, 4.31753, 862, -1, -1, 6, 220, 96, 35, 323, 379, 325
234, 10.9254, -2.34683, 862, -1, -1, 17, 344, 203, 74, 145, 328, 297, 366, 357, 274, 9, 292, 221, 299, 376, 110, 234, 69
73, 10.9345, -2.79792, 862, 1, 5, 22, 280, 47, 359, 115, 254, 119, 291, 365, 152, 400, 196, 322, 60, 105, 191, 258, 261, 225, 383, 26, 319, 73
336, 10.9614, -1.19213, 862, 0, 4, 14, 267, 205, 230, 95, 130, 12, 310, 411, 11, 256, 197, 393, 336, 89
209, 11.0024, -3.24136, 862, 0, 5, 17, 390, 48, 244, 374, 50, 43, 5, 302, 249, 352, 356, 22, 51, 226, 333, 209, 94
97, 11.1112, 0.323643, 862, -1, -1, 14, 222, 259, 150, 21, 104, 181, 363, 303, 295, 373, 237, 18, 183, 97
387, 11.2261, -0.520332, 862, -1, -1, 17, 389, 121, 248, 263, 381, 184, 161, 317, 386, 52, 91, 345, 201, 305, 218, 25, 387
1, 11.2375, 3.01746, 862, -1, -1, 2, 168, 1
89, 11.2793, -1.18948, 862, 0, 4, 16, 267, 205, 230, 95, 130, 12, 310, 411, 11, 256, 197, 113, 211, 207, 336, 89
94, 11.2826, -3.23266, 862, 0, 5, 17, 390, 48, 244, 374, 50, 43, 5, 189, 302, 249, 312, 128, 51, 367, 226, 209, 94
40, 11.291, -1.66965, 862, -1, -1, 15, 382, 375, 273, 90, 409, 169, 395, 162, 316, 187, 159, 126, 404, 40, 75
75, 11.309, -1.57946, 862, -1, -1, 13, 382, 375, 163, 273, 90, 409, 162, 42, 316, 187, 40, 75, 129
68, 11.4203, 1.35158, 862, -1, -1, 12, 407, 164, 98, 413, 228, 240, 140, 208, 17, 82, 283, 68
141, 11.5177, 0.653945, 862, -1, -1, 14, 2, 154, 353, 103, 279, 127, 167, 378, 219, 265, 176, 200, 36, 141
341, 11.6736, 1.20853, 862, -1, -1, 13, 402, 164, 153, 369, 98, 278, 229, 414, 240, 208, 56, 307, 341
129, 12.4228, -1.64796, 862, -1, -1, 15, 382, 375, 310, 163, 90, 409, 256, 206, 57, 162, 42, 316, 393, 75, 129
69, 12.4761, -2.50378, 862, -1, -1, 17, 344, 417, 203, 74, 145, 328, 79, 366, 292, 92, 314, 242, 376, 70, 76, 234, 69
